index	slack	dual
0	-6251.01	-0.0
1	-5550.88	-0.0
2	-4852.15	-0.0
3	-4154.82	-0.0
4	-3458.88	-0.0
5	-2764.33	-0.0
6	-2071.17	-0.0
7	-1379.4	-0.0
8	-689.01	-0.0
10	-5875.02	-0.0
11	-5217.0	-0.0
12	-4560.3	-0.0
13	-3904.91	-0.0
14	-3250.83	-0.0
15	-2598.06	-0.0
16	-1946.59	-0.0
17	-1296.43	-0.0
18	-647.56	-0.0
20	-6574.91	-0.0
21	-5838.5	-0.0
22	-5103.56	-0.0
23	-4370.1	-0.0
24	-3638.1	-0.0
25	-2907.56	-0.0
26	-2178.49	-0.0
27	-1450.87	-0.0
28	-724.71	-0.0
30	-390507.06	-0.0
31	-390583.85	-0.0
32	-389827.23	-0.0
33	-388940.58	-0.0
34	-388117.31	-0.0
35	-387537.8	-0.0
36	-386656.4	-0.0
37	-385859.71	-0.0
38	-384978.03	-0.0
39	-384200.45	-0.0
40	-406251.01	-0.0
41	-405550.88	-0.0
42	-404852.15	-0.0
43	-404154.82	-0.0
44	-403458.88	-0.0
45	-402764.33	-0.0
46	-402071.17	-0.0
47	-401379.4	-0.0
48	-400689.01	-0.0
49	-400000.0	-0.0
50	-405875.02	-0.0
51	-405217.0	-0.0
52	-404560.3	-0.0
53	-403904.91	-0.0
54	-403250.83	-0.0
55	-402598.06	-0.0
56	-401946.59	-0.0
57	-401296.43	-0.0
58	-400647.56	-0.0
59	-400000.0	-0.0
60	-406574.91	-0.0
61	-405838.5	-0.0
62	-405103.56	-0.0
63	-404370.1	-0.0
64	-403638.1	-0.0
65	-402907.56	-0.0
66	-402178.49	-0.0
67	-401450.87	-0.0
68	-400724.71	-0.0
69	-400000.0	-0.0
70	-790507.06	-0.0
71	-790583.85	-0.0
72	-789827.23	-0.0
73	-788940.58	-0.0
74	-788117.31	-0.0
75	-787537.8	-0.0
76	-786656.4	-0.0
77	-785859.71	-0.0
78	-784978.03	-0.0
79	-784200.45	-0.0
275415	-0.0	0.0
275422	-0.0	0.0
275430	0.0	0.0
275440	0.0	0.0
275447	0.0	0.0
275455	-0.0	0.0
275462	-0.0	0.0
275479	0.0	0.0
275485	-0.0	0.0
275500	-0.0	0.0
275503	0.0	0.0
275511	-0.0	0.0
275519	0.0	0.0
275527	-0.0	0.0
275535	-0.0	0.0
275543	-0.0	0.0
275551	-0.0	0.0
275559	-0.0	0.0
275567	-0.0	0.0
275580	-0.0	0.0
275583	0.0	0.0
275591	-0.0	0.0
275599	-0.0	0.0
275607	-0.0	0.0
275615	0.0	0.0
275623	0.0	0.0
275631	0.0	0.0
275639	-0.0	0.0
275647	0.0	0.0
275660	-0.0	0.0
275663	-0.0	0.0
275671	-0.0	0.0
275679	-0.0	0.0
275687	-0.0	0.0
275695	-0.0	0.0
275703	-0.0	0.0
275711	-0.0	0.0
275719	-0.0	0.0
275727	-0.0	0.0
275740	-0.0	0.0
275744	-0.0	0.0
275753	-0.0	0.0
275761	-0.0	0.0
275768	-0.0	0.0
275775	-0.0	0.0
275786	-0.0	0.0
275795	0.0	0.0
275798	-0.0	0.0
275812	-0.0	0.0
275835	0.0	0.0
275843	0.0	0.0
275851	-0.0	0.0
275868	-0.0	0.0
275872	-0.0	0.0
275879	-0.0	0.0
275887	-0.0	0.0
276140	0.0	0.0
276143	0.0	0.0
276151	0.0	0.0
276159	0.0	0.0
276167	0.0	0.0
276175	-0.0	0.0
276183	0.0	0.0
276207	-0.0	0.0
276220	0.0	0.0
276224	-0.0	0.0
276232	-0.0	0.0
276240	-0.0	0.0
276255	0.0	0.0
276263	0.0	0.0
276272	0.0	0.0
276279	0.0	0.0
276287	-0.0	0.0
276302	-0.0	0.0
276313	0.0	0.0
276319	-0.0	0.0
276327	-0.0	0.0
276335	-0.0	0.0
276343	-0.0	0.0
276352	-0.0	0.0
276359	-0.0	0.0
276367	-0.0	0.0
276379	-0.0	0.0
276386	-0.0	0.0
276394	-0.0	0.0
276402	-0.0	0.0
276411	-0.0	0.0
276418	-0.0	0.0
276427	-0.0	0.0
276435	0.0	0.0
276442	0.0	0.0
276459	0.0	0.0
276461	0.0	0.0
276475	-0.0	0.0
276477	0.0	0.0
276485	-0.0	0.0
276499	0.0	0.0
276507	0.0	0.0
276509	0.0	0.0
276523	0.0	0.0
276525	-0.0	0.0
276623	-0.0	0.0
276630	-0.0	0.0
276638	-0.0	0.0
276647	-0.0	0.0
276655	-0.0	0.0
276663	0.0	0.0
276671	-0.0	0.0
276679	-0.0	0.0
276687	0.0	0.0
276700	-0.0	0.0
276707	0.0	0.0
276715	0.0	0.0
276720	-0.0	0.0
276728	-0.0	0.0
276735	-0.0	0.0
276743	0.0	0.0
276751	-0.0	0.0
276759	-0.0	0.0
276767	-0.0	0.0
276791	0.0	0.0
276799	-0.0	0.0
276807	0.0	0.0
276815	-0.0	0.0
276823	0.0	0.0
276831	0.0	0.0
276839	0.0	0.0
276847	-0.0	0.0
276860	0.0	0.0
276863	-0.0	0.0
276871	-0.0	0.0
276879	-0.0	0.0
276887	-0.0	0.0
276895	-0.0	0.0
276903	0.0	0.0
276911	0.0	0.0
276919	0.0	0.0
276927	0.0	0.0
276940	-0.0	0.0
276943	-0.0	0.0
276951	-0.0	0.0
276959	-0.0	0.0
276967	-0.0	0.0
276975	-0.0	0.0
276983	-0.0	0.0
276991	-0.0	0.0
276999	-0.0	0.0
277007	-0.0	0.0
277020	-0.0	0.0
277034	-0.0	0.0
277050	-0.0	0.0
277067	0.0	0.0
277074	-0.0	0.0
277100	-0.0	0.0
277103	-0.0	0.0
277111	-0.0	0.0
277121	0.0	0.0
277135	-0.0	0.0
277143	-0.0	0.0
277151	-0.0	0.0
277159	-0.0	0.0
277167	-0.0	0.0
277260	-0.0	0.0
277269	-0.0	0.0
277278	0.0	0.0
277285	-0.0	0.0
277295	-0.0	0.0
277301	-0.0	0.0
277312	-0.0	0.0
277319	-0.0	0.0
277326	0.0	0.0
277340	0.0	0.0
277346	-0.0	0.0
277352	-0.0	0.0
277360	-0.0	0.0
277375	-0.0	0.0
277383	0.0	0.0
277391	-0.0	0.0
277399	-0.0	0.0
277407	-0.0	0.0
277420	0.0	0.0
277423	-0.0	0.0
277431	0.0	0.0
277447	0.0	0.0
277455	-0.0	0.0
277463	-0.0	0.0
277471	0.0	0.0
277479	0.0	0.0
277487	-0.0	0.0
277500	-0.0	0.0
277520	0.0	0.0
277527	-0.0	0.0
277535	0.0	0.0
277543	-0.0	0.0
277552	0.0	0.0
277559	-0.0	0.0
277583	-0.0	0.0
277591	-0.0	0.0
277599	-0.0	0.0
277607	-0.0	0.0
277615	-0.0	0.0
277623	-0.0	0.0
277632	-0.0	0.0
277639	-0.0	0.0
277647	-0.0	0.0
277660	-0.0	0.0
277666	-0.0	0.0
277674	-0.0	0.0
277683	0.0	0.0
277691	0.0	0.0
277698	-0.0	0.0
277707	-0.0	0.0
277715	-0.0	0.0
277724	-0.0	0.0
277726	0.0	0.0
277740	0.0	0.0
277748	-0.0	0.0
277755	0.0	0.0
277765	-0.0	0.0
277779	0.0	0.0
277788	-0.0	0.0
277795	0.0	0.0
277799	-0.0	0.0
277807	-0.0	0.0
278137	0.0	0.0
278144	-0.0	0.0
278152	-0.0	0.0
278160	0.0	0.0
278168	-0.0	0.0
278176	0.0	0.0
278185	0.0	0.0
278193	-0.0	0.0
278212	-0.0	0.0
278225	0.0	0.0
278233	0.0	0.0
278241	-0.0	0.0
278249	-0.0	0.0
278257	0.0	0.0
278273	0.0	0.0
278284	0.0	0.0
278285	-0.0	0.0
278777	-0.0	0.0
278784	-0.0	0.0
278792	0.0	0.0
278800	-0.0	0.0
278808	-0.0	0.0
278817	-0.0	0.0
278825	-0.0	0.0
278833	-0.0	0.0
278841	-0.0	0.0
278845	0.0	0.0
278861	-0.0	0.0
278873	-0.0	0.0
278881	0.0	0.0
278889	0.0	0.0
278897	-0.0	0.0
278905	-0.0	0.0
278909	-0.0	0.0
278917	-0.0	0.0
278926	-0.0	0.0
279175	-0.0	0.0
279181	0.0	0.0
279189	-0.0	0.0
279199	-0.0	0.0
279208	-0.0	0.0
279215	-0.0	0.0
279223	-0.0	0.0
279236	-0.0	0.0
279239	-0.0	0.0
279245	-0.0	0.0
279255	-0.0	0.0
279262	-0.0	0.0
279270	-0.0	0.0
279292	-0.0	0.0
279295	0.0	0.0
279303	0.0	0.0
279310	-0.0	0.0
279319	-0.0	0.0
279325	-0.0	0.0
279340	-0.0	0.0
279351	0.0	0.0
279367	0.0	0.0
279375	0.0	0.0
279391	0.0	0.0
279407	-0.0	0.0
279416	0.0	0.0
279424	0.0	0.0
279432	-0.0	0.0
279440	-0.0	0.0
279447	-0.0	0.0
279464	-0.0	0.0
279472	-0.0	0.0
279484	-0.0	0.0
279491	0.0	0.0
279505	-0.0	0.0
279510	-0.0	0.0
279521	-0.0	0.0
279529	0.0	0.0
279540	-0.0	0.0
279548	0.0	0.0
279553	-0.0	0.0
279564	-0.0	0.0
279572	-0.0	0.0
279815	0.0	0.0
279829	-0.0	0.0
279837	-0.0	0.0
279847	-0.0	0.0
279853	-0.0	0.0
279863	-0.0	0.0
279871	-0.0	0.0
279884	-0.0	0.0
279885	0.0	0.0
279895	0.0	0.0
279902	-0.0	0.0
279910	-0.0	0.0
279918	-0.0	0.0
279927	-0.0	0.0
279935	-0.0	0.0
279943	0.0	0.0
279949	-0.0	0.0
279957	-0.0	0.0
279965	-0.0	0.0
279980	-0.0	0.0
279983	0.0	0.0
279999	0.0	0.0
280007	-0.0	0.0
280015	-0.0	0.0
280023	0.0	0.0
280039	-0.0	0.0
280047	-0.0	0.0
280059	-0.0	0.0
280063	-0.0	0.0
280072	-0.0	0.0
280080	-0.0	0.0
280087	-0.0	0.0
280095	0.0	0.0
280103	-0.0	0.0
280111	0.0	0.0
280119	0.0	0.0
280143	-0.0	0.0
280151	-0.0	0.0
280159	-0.0	0.0
280167	-0.0	0.0
280175	-0.0	0.0
280183	-0.0	0.0
280191	-0.0	0.0
280199	-0.0	0.0
280207	-0.0	0.0
280623	-0.0	0.0
280631	-0.0	0.0
280639	0.0	0.0
280655	-0.0	0.0
280663	-0.0	0.0
280671	0.0	0.0
280679	-0.0	0.0
280687	-0.0	0.0
280700	-0.0	0.0
280704	-0.0	0.0
280712	-0.0	0.0
280720	-0.0	0.0
280727	0.0	0.0
280735	-0.0	0.0
280743	0.0	0.0
280759	0.0	0.0
280767	0.0	0.0
280780	0.0	0.0
280785	-0.0	0.0
280789	-0.0	0.0
280804	0.0	0.0
280812	0.0	0.0
280817	-0.0	0.0
280831	-0.0	0.0
280839	-0.0	0.0
280847	-0.0	0.0
280859	0.0	0.0
280866	-0.0	0.0
280874	-0.0	0.0
280885	-0.0	0.0
280899	-0.0	0.0
280906	-0.0	0.0
280915	-0.0	0.0
280923	-0.0	0.0
280932	-0.0	0.0
280948	-0.0	0.0
280955	0.0	0.0
280963	0.0	0.0
280971	-0.0	0.0
280979	0.0	0.0
280987	0.0	0.0
280995	0.0	0.0
280997	-0.0	0.0
281006	-0.0	0.0
281260	-0.0	0.0
281279	-0.0	0.0
281287	-0.0	0.0
281295	-0.0	0.0
281311	-0.0	0.0
281319	-0.0	0.0
281327	-0.0	0.0
281340	-0.0	0.0
281344	-0.0	0.0
281352	-0.0	0.0
281360	0.0	0.0
281367	-0.0	0.0
281375	-0.0	0.0
281383	-0.0	0.0
281392	0.0	0.0
281399	-0.0	0.0
281407	-0.0	0.0
281425	0.0	0.0
281433	0.0	0.0
281441	-0.0	0.0
281449	-0.0	0.0
281455	-0.0	0.0
281463	-0.0	0.0
281472	-0.0	0.0
281479	-0.0	0.0
281487	-0.0	0.0
281580	-0.0	0.0
281587	-0.0	0.0
281595	-0.0	0.0
281597	-0.0	0.0
281611	-0.0	0.0
281613	-0.0	0.0
281628	-0.0	0.0
281629	-0.0	0.0
281637	-0.0	0.0
281646	-0.0	0.0
281740	0.0	0.0
281743	-0.0	0.0
281750	0.0	0.0
281757	-0.0	0.0
281768	0.0	0.0
281773	0.0	0.0
281788	0.0	0.0
281791	-0.0	0.0
281799	-0.0	0.0
281812	0.0	0.0
281823	-0.0	0.0
281834	-0.0	0.0
281839	-0.0	0.0
281855	0.0	0.0
281863	0.0	0.0
281871	0.0	0.0
281879	0.0	0.0
281887	-0.0	0.0
281900	-0.0	0.0
281903	0.0	0.0
281911	0.0	0.0
281919	-0.0	0.0
281927	0.0	0.0
281935	0.0	0.0
281959	0.0	0.0
281967	-0.0	0.0
281980	0.0	0.0
281983	0.0	0.0
281991	-0.0	0.0
281999	-0.0	0.0
282007	-0.0	0.0
282015	0.0	0.0
282023	-0.0	0.0
282031	0.0	0.0
282047	0.0	0.0
282060	-0.0	0.0
282063	-0.0	0.0
282071	-0.0	0.0
282079	-0.0	0.0
282087	-0.0	0.0
282095	-0.0	0.0
282103	-0.0	0.0
282111	-0.0	0.0
282119	-0.0	0.0
282127	-0.0	0.0
282139	-0.0	0.0
282146	-0.0	0.0
282154	-0.0	0.0
282162	0.0	0.0
282170	-0.0	0.0
282179	0.0	0.0
282186	-0.0	0.0
282196	0.0	0.0
282204	0.0	0.0
282205	-0.0	0.0
282221	0.0	0.0
282235	-0.0	0.0
282243	-0.0	0.0
282245	-0.0	0.0
282261	0.0	0.0
282269	-0.0	0.0
282283	0.0	0.0
282285	-0.0	0.0
282380	0.0	0.0
282383	0.0	0.0
282398	0.0	0.0
282407	-0.0	0.0
282415	-0.0	0.0
282423	-0.0	0.0
282431	-0.0	0.0
282439	-0.0	0.0
282459	0.0	0.0
282472	-0.0	0.0
282480	-0.0	0.0
282503	-0.0	0.0
282511	-0.0	0.0
282519	0.0	0.0
282527	-0.0	0.0
282543	-0.0	0.0
282551	0.0	0.0
282559	-0.0	0.0
282567	0.0	0.0
282583	-0.0	0.0
282591	0.0	0.0
282599	-0.0	0.0
282607	-0.0	0.0
282620	-0.0	0.0
282623	-0.0	0.0
282632	-0.0	0.0
282640	-0.0	0.0
282648	-0.0	0.0
282655	-0.0	0.0
282663	-0.0	0.0
282671	-0.0	0.0
282679	-0.0	0.0
282687	-0.0	0.0
282700	0.0	0.0
282703	-0.0	0.0
282711	-0.0	0.0
282719	-0.0	0.0
282727	-0.0	0.0
282735	-0.0	0.0
282743	-0.0	0.0
282751	-0.0	0.0
282759	-0.0	0.0
282767	-0.0	0.0
282779	0.0	0.0
282786	-0.0	0.0
282794	-0.0	0.0
282802	-0.0	0.0
282805	-0.0	0.0
282818	-0.0	0.0
282826	-0.0	0.0
282835	-0.0	0.0
282843	0.0	0.0
282845	-0.0	0.0
282860	-0.0	0.0
282861	0.0	0.0
282875	0.0	0.0
282883	0.0	0.0
282891	0.0	0.0
282908	-0.0	0.0
282909	-0.0	0.0
282917	0.0	0.0
282925	-0.0	0.0
283020	-0.0	0.0
283029	-0.0	0.0
283039	-0.0	0.0
283047	-0.0	0.0
283057	0.0	0.0
283064	-0.0	0.0
283071	-0.0	0.0
283079	-0.0	0.0
283092	-0.0	0.0
283100	0.0	0.0
283102	-0.0	0.0
283110	-0.0	0.0
283135	0.0	0.0
283144	-0.0	0.0
283150	-0.0	0.0
283159	0.0	0.0
283165	-0.0	0.0
283180	-0.0	0.0
283183	0.0	0.0
283191	0.0	0.0
283199	-0.0	0.0
283207	0.0	0.0
283215	0.0	0.0
283231	-0.0	0.0
283239	0.0	0.0
283247	-0.0	0.0
283260	0.0	0.0
283263	0.0	0.0
283271	-0.0	0.0
283279	-0.0	0.0
283287	0.0	0.0
283295	-0.0	0.0
283303	0.0	0.0
283311	-0.0	0.0
283327	0.0	0.0
283340	-0.0	0.0
283343	-0.0	0.0
283351	-0.0	0.0
283359	-0.0	0.0
283367	-0.0	0.0
283375	-0.0	0.0
283383	-0.0	0.0
283391	-0.0	0.0
283399	-0.0	0.0
283407	-0.0	0.0
283420	-0.0	0.0
283424	-0.0	0.0
283433	-0.0	0.0
283439	-0.0	0.0
283450	-0.0	0.0
283457	0.0	0.0
283464	-0.0	0.0
283472	-0.0	0.0
283479	-0.0	0.0
283487	-0.0	0.0
283500	0.0	0.0
283507	-0.0	0.0
283523	-0.0	0.0
283532	-0.0	0.0
283539	-0.0	0.0
283547	-0.0	0.0
283551	-0.0	0.0
283559	-0.0	0.0
283567	-0.0	0.0
283904	-0.0	0.0
283912	-0.0	0.0
283920	-0.0	0.0
283928	0.0	0.0
283945	-0.0	0.0
283952	-0.0	0.0
283961	-0.0	0.0
283988	0.0	0.0
283993	-0.0	0.0
284004	-0.0	0.0
284009	-0.0	0.0
284017	-0.0	0.0
284025	0.0	0.0
284033	-0.0	0.0
284046	-0.0	0.0
284300	0.0	0.0
284303	-0.0	0.0
284330	-0.0	0.0
284351	-0.0	0.0
284359	-0.0	0.0
284367	0.0	0.0
284380	0.0	0.0
284387	0.0	0.0
284392	-0.0	0.0
284400	-0.0	0.0
284410	0.0	0.0
284415	-0.0	0.0
284439	-0.0	0.0
284447	-0.0	0.0
284471	0.0	0.0
284487	-0.0	0.0
284495	0.0	0.0
284527	-0.0	0.0
284539	0.0	0.0
284552	-0.0	0.0
284560	-0.0	0.0
284568	-0.0	0.0
284575	0.0	0.0
284583	0.0	0.0
284599	-0.0	0.0
284607	0.0	0.0
284620	-0.0	0.0
284623	-0.0	0.0
284631	-0.0	0.0
284639	-0.0	0.0
284647	-0.0	0.0
284655	-0.0	0.0
284663	-0.0	0.0
284671	-0.0	0.0
284679	-0.0	0.0
284687	-0.0	0.0
284700	-0.0	0.0
284703	-0.0	0.0
284713	-0.0	0.0
284721	0.0	0.0
284729	-0.0	0.0
284737	-0.0	0.0
284745	0.0	0.0
284752	0.0	0.0
284764	-0.0	0.0
284767	0.0	0.0
284780	0.0	0.0
284783	-0.0	0.0
284793	0.0	0.0
284801	0.0	0.0
284808	-0.0	0.0
284815	-0.0	0.0
284823	-0.0	0.0
284831	-0.0	0.0
284839	-0.0	0.0
284847	-0.0	0.0
284940	-0.0	0.0
284941	0.0	0.0
284949	-0.0	0.0
284959	-0.0	0.0
284967	-0.0	0.0
284975	-0.0	0.0
284983	-0.0	0.0
284991	-0.0	0.0
284999	-0.0	0.0
285005	0.0	0.0
285020	-0.0	0.0
285022	-0.0	0.0
285030	-0.0	0.0
285039	0.0	0.0
285047	-0.0	0.0
285056	-0.0	0.0
285064	-0.0	0.0
285070	-0.0	0.0
285084	-0.0	0.0
285085	-0.0	0.0
285100	-0.0	0.0
285103	0.0	0.0
285127	0.0	0.0
285135	-0.0	0.0
285143	-0.0	0.0
285151	0.0	0.0
285167	-0.0	0.0
285180	0.0	0.0
285183	0.0	0.0
285192	0.0	0.0
285215	0.0	0.0
285223	-0.0	0.0
285232	-0.0	0.0
285239	0.0	0.0
285263	-0.0	0.0
285271	-0.0	0.0
285279	-0.0	0.0
285287	-0.0	0.0
285295	-0.0	0.0
285303	-0.0	0.0
285312	-0.0	0.0
285319	-0.0	0.0
285327	-0.0	0.0
285743	-0.0	0.0
285751	0.0	0.0
285757	-0.0	0.0
285765	-0.0	0.0
285775	0.0	0.0
285791	0.0	0.0
285799	-0.0	0.0
285805	-0.0	0.0
285820	-0.0	0.0
285824	-0.0	0.0
285832	0.0	0.0
285840	0.0	0.0
285855	-0.0	0.0
285863	-0.0	0.0
285872	0.0	0.0
285887	-0.0	0.0
285905	-0.0	0.0
285913	-0.0	0.0
285939	0.0	0.0
285943	-0.0	0.0
285952	-0.0	0.0
285959	-0.0	0.0
285967	-0.0	0.0
286215	0.0	0.0
286221	-0.0	0.0
286229	-0.0	0.0
286245	-0.0	0.0
286255	0.0	0.0
286263	-0.0	0.0
286271	-0.0	0.0
286279	-0.0	0.0
286286	-0.0	0.0
286295	0.0	0.0
286302	-0.0	0.0
286310	-0.0	0.0
286327	-0.0	0.0
286335	-0.0	0.0
286343	0.0	0.0
286350	-0.0	0.0
286359	-0.0	0.0
286365	-0.0	0.0
286380	0.0	0.0
286383	-0.0	0.0
286391	0.0	0.0
286399	-0.0	0.0
286407	-0.0	0.0
286415	0.0	0.0
286423	0.0	0.0
286431	-0.0	0.0
286447	-0.0	0.0
286460	-0.0	0.0
286463	-0.0	0.0
286472	0.0	0.0
286480	0.0	0.0
286487	0.0	0.0
286495	0.0	0.0
286503	-0.0	0.0
286512	0.0	0.0
286519	-0.0	0.0
286527	-0.0	0.0
286543	-0.0	0.0
286551	-0.0	0.0
286559	-0.0	0.0
286567	-0.0	0.0
286575	-0.0	0.0
286583	-0.0	0.0
286592	-0.0	0.0
286599	-0.0	0.0
286607	-0.0	0.0
287020	0.0	0.0
287023	-0.0	0.0
287031	-0.0	0.0
287039	0.0	0.0
287055	0.0	0.0
287063	0.0	0.0
287071	0.0	0.0
287079	0.0	0.0
287087	-0.0	0.0
287100	0.0	0.0
287104	-0.0	0.0
287112	-0.0	0.0
287120	-0.0	0.0
287127	-0.0	0.0
287135	0.0	0.0
287143	-0.0	0.0
287152	-0.0	0.0
287159	-0.0	0.0
287167	0.0	0.0
287185	0.0	0.0
287193	-0.0	0.0
287201	-0.0	0.0
287209	-0.0	0.0
287220	0.0	0.0
287236	0.0	0.0
287239	-0.0	0.0
287247	-0.0	0.0
287737	0.0	0.0
287744	-0.0	0.0
287752	0.0	0.0
287761	0.0	0.0
287768	-0.0	0.0
287785	0.0	0.0
287793	0.0	0.0
287801	0.0	0.0
287812	0.0	0.0
287821	-0.0	0.0
287833	-0.0	0.0
287837	-0.0	0.0
287849	0.0	0.0
287857	-0.0	0.0
287865	-0.0	0.0
287873	-0.0	0.0
287884	0.0	0.0
287886	-0.0	0.0
288136	-0.0	0.0
288141	0.0	0.0
288149	-0.0	0.0
288159	-0.0	0.0
288165	-0.0	0.0
288175	-0.0	0.0
288183	-0.0	0.0
288191	-0.0	0.0
288199	-0.0	0.0
288205	-0.0	0.0
288215	0.0	0.0
288222	-0.0	0.0
288230	-0.0	0.0
288239	0.0	0.0
288252	-0.0	0.0
288260	-0.0	0.0
288279	0.0	0.0
288292	-0.0	0.0
288300	-0.0	0.0
288311	0.0	0.0
288319	-0.0	0.0
288327	0.0	0.0
288335	0.0	0.0
288343	0.0	0.0
288351	-0.0	0.0
288359	0.0	0.0
288367	-0.0	0.0
288380	-0.0	0.0
288384	-0.0	0.0
288392	-0.0	0.0
288400	0.0	0.0
288407	0.0	0.0
288415	0.0	0.0
288423	-0.0	0.0
288432	0.0	0.0
288439	-0.0	0.0
288447	0.0	0.0
288462	-0.0	0.0
288471	-0.0	0.0
288479	-0.0	0.0
288487	-0.0	0.0
288495	-0.0	0.0
288503	-0.0	0.0
288512	-0.0	0.0
288519	-0.0	0.0
288527	-0.0	0.0
288539	0.0	0.0
288546	-0.0	0.0
288554	-0.0	0.0
288562	-0.0	0.0
288565	0.0	0.0
288578	-0.0	0.0
288595	-0.0	0.0
288604	0.0	0.0
288606	0.0	0.0
288627	0.0	0.0
288635	0.0	0.0
288643	0.0	0.0
288651	-0.0	0.0
288661	-0.0	0.0
288675	0.0	0.0
288684	-0.0	0.0
288692	0.0	0.0
288940	0.0	0.0
288943	0.0	0.0
288967	0.0	0.0
288975	0.0	0.0
288983	0.0	0.0
288999	-0.0	0.0
289007	-0.0	0.0
289020	0.0	0.0
289023	-0.0	0.0
289031	-0.0	0.0
289039	-0.0	0.0
289047	0.0	0.0
289055	-0.0	0.0
289063	-0.0	0.0
289071	-0.0	0.0
289079	0.0	0.0
289087	0.0	0.0
289100	-0.0	0.0
289103	-0.0	0.0
289111	-0.0	0.0
289119	-0.0	0.0
289127	-0.0	0.0
289135	-0.0	0.0
289143	-0.0	0.0
289151	-0.0	0.0
289159	-0.0	0.0
289167	-0.0	0.0
289259	0.0	0.0
289267	-0.0	0.0
289275	-0.0	0.0
289277	0.0	0.0
289291	0.0	0.0
289299	-0.0	0.0
289307	-0.0	0.0
289315	-0.0	0.0
289317	-0.0	0.0
289325	-0.0	0.0
289420	-0.0	0.0
289423	-0.0	0.0
289430	0.0	0.0
289443	0.0	0.0
289450	0.0	0.0
289455	-0.0	0.0
289463	-0.0	0.0
289471	-0.0	0.0
289479	-0.0	0.0
289487	-0.0	0.0
289504	-0.0	0.0
289512	-0.0	0.0
289531	0.0	0.0
289535	0.0	0.0
289551	0.0	0.0
289559	-0.0	0.0
289567	-0.0	0.0
289580	-0.0	0.0
289583	0.0	0.0
289591	0.0	0.0
289599	-0.0	0.0
289615	0.0	0.0
289623	-0.0	0.0
289631	-0.0	0.0
289639	-0.0	0.0
289647	-0.0	0.0
289659	-0.0	0.0
289672	-0.0	0.0
289680	-0.0	0.0
289688	0.0	0.0
289695	0.0	0.0
289703	0.0	0.0
289711	-0.0	0.0
289727	-0.0	0.0
289743	-0.0	0.0
289751	-0.0	0.0
289759	-0.0	0.0
289767	-0.0	0.0
289775	-0.0	0.0
289783	-0.0	0.0
289791	-0.0	0.0
289799	-0.0	0.0
289807	-0.0	0.0
289899	0.0	0.0
289908	-0.0	0.0
289915	-0.0	0.0
289917	-0.0	0.0
289931	-0.0	0.0
289933	-0.0	0.0
289947	0.0	0.0
289955	0.0	0.0
289959	-0.0	0.0
289967	-0.0	0.0
290297	0.0	0.0
290304	-0.0	0.0
290312	0.0	0.0
290320	0.0	0.0
290328	0.0	0.0
290345	-0.0	0.0
290353	0.0	0.0
290358	0.0	0.0
290365	-0.0	0.0
290385	0.0	0.0
290401	-0.0	0.0
290409	0.0	0.0
290417	-0.0	0.0
290425	-0.0	0.0
290433	-0.0	0.0
290446	-0.0	0.0
290863	0.0	0.0
290871	0.0	0.0
290877	-0.0	0.0
290887	0.0	0.0
290893	-0.0	0.0
290903	0.0	0.0
290919	-0.0	0.0
290932	0.0	0.0
290937	-0.0	0.0
290944	-0.0	0.0
290952	-0.0	0.0
290960	-0.0	0.0
290985	0.0	0.0
290993	0.0	0.0
291005	-0.0	0.0
291028	0.0	0.0
291033	0.0	0.0
291049	0.0	0.0
291057	0.0	0.0
291065	0.0	0.0
291073	-0.0	0.0
291081	-0.0	0.0
291085	-0.0	0.0
291495	-0.0	0.0
291503	-0.0	0.0
291511	0.0	0.0
291517	-0.0	0.0
291527	0.0	0.0
291537	-0.0	0.0
291543	-0.0	0.0
291551	-0.0	0.0
291559	-0.0	0.0
291565	-0.0	0.0
291577	0.0	0.0
291584	-0.0	0.0
291592	-0.0	0.0
291597	0.0	0.0
291608	-0.0	0.0
291617	-0.0	0.0
291625	-0.0	0.0
291632	-0.0	0.0
291638	-0.0	0.0
291645	-0.0	0.0
291661	-0.0	0.0
291673	0.0	0.0
291681	-0.0	0.0
291689	0.0	0.0
291697	0.0	0.0
291705	-0.0	0.0
291709	-0.0	0.0
291721	0.0	0.0
291732	0.0	0.0
292220	-0.0	0.0
292224	-0.0	0.0
292232	-0.0	0.0
292240	0.0	0.0
292248	-0.0	0.0
292257	0.0	0.0
292264	-0.0	0.0
292273	0.0	0.0
292281	-0.0	0.0
292285	-0.0	0.0
292305	0.0	0.0
292313	0.0	0.0
292321	0.0	0.0
292325	-0.0	0.0
292337	0.0	0.0
292345	0.0	0.0
292349	-0.0	0.0
292361	0.0	0.0
292365	-0.0	0.0
292864	-0.0	0.0
292872	-0.0	0.0
292877	0.0	0.0
292888	0.0	0.0
292896	-0.0	0.0
292902	-0.0	0.0
292912	0.0	0.0
292921	0.0	0.0
292941	-0.0	0.0
292953	-0.0	0.0
292961	-0.0	0.0
292969	-0.0	0.0
292977	-0.0	0.0
292985	0.0	0.0
292989	-0.0	0.0
293005	-0.0	0.0
293497	-0.0	0.0
293504	-0.0	0.0
293528	-0.0	0.0
293534	0.0	0.0
293545	0.0	0.0
293552	0.0	0.0
293560	-0.0	0.0
293565	0.0	0.0
293585	-0.0	0.0
293593	-0.0	0.0
293609	-0.0	0.0
293620	-0.0	0.0
293629	-0.0	0.0
293641	0.0	0.0
293645	-0.0	0.0
294055	0.0	0.0
294063	-0.0	0.0
294071	-0.0	0.0
294077	-0.0	0.0
294087	-0.0	0.0
294093	-0.0	0.0
294103	-0.0	0.0
294109	-0.0	0.0
294119	0.0	0.0
294125	-0.0	0.0
294139	-0.0	0.0
294146	-0.0	0.0
294152	-0.0	0.0
294157	-0.0	0.0
294169	-0.0	0.0
294176	0.0	0.0
294185	0.0	0.0
294189	-0.0	0.0
294197	-0.0	0.0
294205	-0.0	0.0
294233	-0.0	0.0
294241	-0.0	0.0
294249	0.0	0.0
294257	0.0	0.0
294265	-0.0	0.0
294273	-0.0	0.0
294281	0.0	0.0
294285	-0.0	0.0
294700	0.0	0.0
294703	-0.0	0.0
294711	0.0	0.0
294719	-0.0	0.0
294727	-0.0	0.0
294735	0.0	0.0
294751	-0.0	0.0
294759	0.0	0.0
294767	-0.0	0.0
294780	-0.0	0.0
294784	-0.0	0.0
294792	0.0	0.0
294800	-0.0	0.0
294807	0.0	0.0
294815	-0.0	0.0
294823	-0.0	0.0
294832	0.0	0.0
294839	0.0	0.0
294847	0.0	0.0
294865	-0.0	0.0
294869	-0.0	0.0
294881	0.0	0.0
294887	-0.0	0.0
294895	-0.0	0.0
294903	-0.0	0.0
294912	-0.0	0.0
294919	-0.0	0.0
294927	-0.0	0.0
295340	-0.0	0.0
295343	0.0	0.0
295351	-0.0	0.0
295357	-0.0	0.0
295367	0.0	0.0
295375	0.0	0.0
295381	-0.0	0.0
295391	0.0	0.0
295399	0.0	0.0
295405	-0.0	0.0
295417	-0.0	0.0
295424	-0.0	0.0
295432	-0.0	0.0
295441	0.0	0.0
295448	-0.0	0.0
295457	0.0	0.0
295465	-0.0	0.0
295481	0.0	0.0
295501	-0.0	0.0
295513	-0.0	0.0
295521	0.0	0.0
295529	0.0	0.0
295537	0.0	0.0
295553	0.0	0.0
295561	-0.0	0.0
295565	-0.0	0.0
295975	-0.0	0.0
295983	-0.0	0.0
295997	-0.0	0.0
296007	-0.0	0.0
296013	-0.0	0.0
296028	-0.0	0.0
296031	0.0	0.0
296039	-0.0	0.0
296046	-0.0	0.0
296057	-0.0	0.0
296064	-0.0	0.0
296072	-0.0	0.0
296080	0.0	0.0
296089	0.0	0.0
296096	0.0	0.0
296105	-0.0	0.0
296113	-0.0	0.0
296121	-0.0	0.0
296125	-0.0	0.0
296141	-0.0	0.0
296161	0.0	0.0
296169	-0.0	0.0
296177	-0.0	0.0
296185	0.0	0.0
296193	0.0	0.0
296201	-0.0	0.0
296205	-0.0	0.0
296619	-0.0	0.0
296623	0.0	0.0
296639	0.0	0.0
296647	0.0	0.0
296655	0.0	0.0
296663	-0.0	0.0
296671	0.0	0.0
296679	-0.0	0.0
296687	-0.0	0.0
296699	0.0	0.0
296704	-0.0	0.0
296712	0.0	0.0
296719	-0.0	0.0
296727	0.0	0.0
296735	-0.0	0.0
296743	-0.0	0.0
296752	-0.0	0.0
296759	0.0	0.0
296767	0.0	0.0
296793	0.0	0.0
296797	-0.0	0.0
296812	-0.0	0.0
296815	-0.0	0.0
296823	-0.0	0.0
296832	-0.0	0.0
296839	-0.0	0.0
296847	-0.0	0.0
297260	-0.0	0.0
297263	0.0	0.0
297271	-0.0	0.0
297277	-0.0	0.0
297287	0.0	0.0
297295	0.0	0.0
297308	-0.0	0.0
297316	-0.0	0.0
297319	-0.0	0.0
297325	-0.0	0.0
297340	-0.0	0.0
297344	-0.0	0.0
297352	-0.0	0.0
297360	-0.0	0.0
297367	-0.0	0.0
297375	-0.0	0.0
297383	0.0	0.0
297392	-0.0	0.0
297399	0.0	0.0
297407	-0.0	0.0
297425	0.0	0.0
297433	-0.0	0.0
297441	0.0	0.0
297447	-0.0	0.0
297455	-0.0	0.0
297463	-0.0	0.0
297472	-0.0	0.0
297479	-0.0	0.0
297487	-0.0	0.0
297910	-0.0	0.0
297917	-0.0	0.0
297927	-0.0	0.0
297935	0.0	0.0
297943	0.0	0.0
297957	-0.0	0.0
297965	-0.0	0.0
297980	0.0	0.0
297984	-0.0	0.0
297992	0.0	0.0
298007	-0.0	0.0
298025	-0.0	0.0
298036	0.0	0.0
298044	0.0	0.0
298052	-0.0	0.0
298065	-0.0	0.0
298070	-0.0	0.0
298081	0.0	0.0
298100	0.0	0.0
298108	0.0	0.0
298116	-0.0	0.0
298124	-0.0	0.0
298131	0.0	0.0
298139	-0.0	0.0
298146	-0.0	0.0
298154	-0.0	0.0
298162	0.0	0.0
298165	-0.0	0.0
298178	-0.0	0.0
298187	0.0	0.0
298195	0.0	0.0
298203	0.0	0.0
298206	0.0	0.0
298228	-0.0	0.0
298235	-0.0	0.0
298251	0.0	0.0
298259	0.0	0.0
298267	0.0	0.0
298276	-0.0	0.0
298283	-0.0	0.0
298285	-0.0	0.0
298543	-0.0	0.0
298551	0.0	0.0
298559	-0.0	0.0
298567	0.0	0.0
298575	-0.0	0.0
298591	-0.0	0.0
298599	-0.0	0.0
298607	-0.0	0.0
298620	-0.0	0.0
298624	-0.0	0.0
298632	0.0	0.0
298640	-0.0	0.0
298655	0.0	0.0
298663	0.0	0.0
298672	0.0	0.0
298679	0.0	0.0
298687	0.0	0.0
298713	-0.0	0.0
298721	0.0	0.0
298727	-0.0	0.0
298735	-0.0	0.0
298743	-0.0	0.0
298752	-0.0	0.0
298759	-0.0	0.0
298767	-0.0	0.0
298779	0.0	0.0
298786	-0.0	0.0
298794	-0.0	0.0
298803	0.0	0.0
298810	0.0	0.0
298818	0.0	0.0
298827	-0.0	0.0
298829	-0.0	0.0
298837	-0.0	0.0
298845	0.0	0.0
298861	-0.0	0.0
298875	0.0	0.0
298877	0.0	0.0
298907	0.0	0.0
298909	0.0	0.0
298923	-0.0	0.0
298925	-0.0	0.0
299180	-0.0	0.0
299183	0.0	0.0
299199	0.0	0.0
299207	0.0	0.0
299215	-0.0	0.0
299223	-0.0	0.0
299231	0.0	0.0
299239	0.0	0.0
299247	-0.0	0.0
299260	-0.0	0.0
299263	0.0	0.0
299272	0.0	0.0
299280	0.0	0.0
299287	0.0	0.0
299295	-0.0	0.0
299303	-0.0	0.0
299311	0.0	0.0
299327	-0.0	0.0
299343	-0.0	0.0
299351	-0.0	0.0
299359	-0.0	0.0
299367	-0.0	0.0
299375	-0.0	0.0
299383	-0.0	0.0
299391	-0.0	0.0
299399	-0.0	0.0
299407	-0.0	0.0
299417	0.0	0.0
299426	-0.0	0.0
299432	0.0	0.0
299439	-0.0	0.0
299450	0.0	0.0
299458	-0.0	0.0
299468	0.0	0.0
299476	-0.0	0.0
299484	-0.0	0.0
299492	0.0	0.0
299500	0.0	0.0
299507	0.0	0.0
299515	0.0	0.0
299523	-0.0	0.0
299525	-0.0	0.0
299548	-0.0	0.0
299555	-0.0	0.0
299563	0.0	0.0
299567	-0.0	0.0
299655	0.0	0.0
299661	-0.0	0.0
299669	-0.0	0.0
299677	-0.0	0.0
299688	-0.0	0.0
299695	-0.0	0.0
299703	-0.0	0.0
299711	-0.0	0.0
299719	-0.0	0.0
299732	-0.0	0.0
299735	0.0	0.0
299742	-0.0	0.0
299750	-0.0	0.0
299758	-0.0	0.0
299767	-0.0	0.0
299775	0.0	0.0
299783	-0.0	0.0
299790	-0.0	0.0
299799	-0.0	0.0
299805	-0.0	0.0
299820	0.0	0.0
299823	0.0	0.0
299831	-0.0	0.0
299839	0.0	0.0
299855	-0.0	0.0
299879	0.0	0.0
299887	-0.0	0.0
299900	-0.0	0.0
299903	-0.0	0.0
299912	-0.0	0.0
299928	-0.0	0.0
299943	-0.0	0.0
299951	-0.0	0.0
299959	-0.0	0.0
299967	-0.0	0.0
299983	-0.0	0.0
299991	-0.0	0.0
299999	-0.0	0.0
300007	-0.0	0.0
300015	-0.0	0.0
300023	-0.0	0.0
300031	-0.0	0.0
300039	-0.0	0.0
300047	-0.0	0.0
300059	-0.0	0.0
300066	-0.0	0.0
300074	0.0	0.0
300082	-0.0	0.0
300091	-0.0	0.0
300098	-0.0	0.0
300116	0.0	0.0
300123	0.0	0.0
300125	-0.0	0.0
300139	-0.0	0.0
300147	-0.0	0.0
300155	0.0	0.0
300157	-0.0	0.0
300165	-0.0	0.0
300180	-0.0	0.0
300187	0.0	0.0
300189	-0.0	0.0
300199	-0.0	0.0
300207	-0.0	0.0
300300	-0.0	0.0
300303	-0.0	0.0
300310	-0.0	0.0
300318	-0.0	0.0
300330	-0.0	0.0
300351	-0.0	0.0
300359	-0.0	0.0
300367	0.0	0.0
300379	0.0	0.0
300384	-0.0	0.0
300394	0.0	0.0
300403	0.0	0.0
300411	-0.0	0.0
300415	-0.0	0.0
300431	0.0	0.0
300439	0.0	0.0
300447	-0.0	0.0
300460	0.0	0.0
300463	0.0	0.0
300471	-0.0	0.0
300479	-0.0	0.0
300495	0.0	0.0
300503	-0.0	0.0
300511	-0.0	0.0
300519	0.0	0.0
300527	-0.0	0.0
300540	0.0	0.0
300543	-0.0	0.0
300551	-0.0	0.0
300559	-0.0	0.0
300567	-0.0	0.0
300583	-0.0	0.0
300591	0.0	0.0
300599	-0.0	0.0
300607	-0.0	0.0
300620	-0.0	0.0
300623	-0.0	0.0
300631	-0.0	0.0
300639	-0.0	0.0
300647	-0.0	0.0
300655	-0.0	0.0
300663	-0.0	0.0
300671	-0.0	0.0
300679	-0.0	0.0
300687	-0.0	0.0
300700	-0.0	0.0
300703	0.0	0.0
300713	0.0	0.0
300721	-0.0	0.0
300727	-0.0	0.0
300735	0.0	0.0
300743	-0.0	0.0
300752	0.0	0.0
300759	-0.0	0.0
300780	-0.0	0.0
300783	-0.0	0.0
300792	-0.0	0.0
300800	-0.0	0.0
300807	-0.0	0.0
300815	-0.0	0.0
300823	-0.0	0.0
300831	-0.0	0.0
300839	-0.0	0.0
300847	-0.0	0.0
301095	-0.0	0.0
301108	-0.0	0.0
301117	-0.0	0.0
301126	-0.0	0.0
301133	-0.0	0.0
301143	0.0	0.0
301156	-0.0	0.0
301159	-0.0	0.0
301166	-0.0	0.0
301177	0.0	0.0
301184	-0.0	0.0
301192	0.0	0.0
301197	0.0	0.0
301208	-0.0	0.0
301216	0.0	0.0
301222	-0.0	0.0
301233	0.0	0.0
301241	0.0	0.0
301246	0.0	0.0
301261	-0.0	0.0
301273	-0.0	0.0
301281	0.0	0.0
301289	-0.0	0.0
301297	-0.0	0.0
301301	-0.0	0.0
301313	0.0	0.0
301321	0.0	0.0
301326	-0.0	0.0
301580	-0.0	0.0
301583	0.0	0.0
301590	-0.0	0.0
301598	0.0	0.0
301611	0.0	0.0
301615	-0.0	0.0
301623	-0.0	0.0
301631	-0.0	0.0
301639	-0.0	0.0
301647	0.0	0.0
301660	-0.0	0.0
301667	-0.0	0.0
301671	0.0	0.0
301682	0.0	0.0
301688	-0.0	0.0
301695	0.0	0.0
301703	-0.0	0.0
301711	0.0	0.0
301719	0.0	0.0
301727	-0.0	0.0
301740	-0.0	0.0
301743	0.0	0.0
301751	-0.0	0.0
301759	0.0	0.0
301767	0.0	0.0
301775	0.0	0.0
301783	-0.0	0.0
301791	0.0	0.0
301799	-0.0	0.0
301807	-0.0	0.0
301819	0.0	0.0
301823	-0.0	0.0
301831	-0.0	0.0
301839	-0.0	0.0
301855	0.0	0.0
301863	0.0	0.0
301871	-0.0	0.0
301879	0.0	0.0
301887	-0.0	0.0
301900	0.0	0.0
301903	-0.0	0.0
301911	-0.0	0.0
301919	-0.0	0.0
301927	-0.0	0.0
301935	-0.0	0.0
301943	-0.0	0.0
301951	-0.0	0.0
301959	-0.0	0.0
301967	-0.0	0.0
301980	-0.0	0.0
302001	0.0	0.0
302007	0.0	0.0
302015	0.0	0.0
302023	-0.0	0.0
302032	0.0	0.0
302039	0.0	0.0
302060	-0.0	0.0
302063	-0.0	0.0
302071	-0.0	0.0
302079	-0.0	0.0
302089	0.0	0.0
302095	-0.0	0.0
302103	-0.0	0.0
302111	-0.0	0.0
302119	-0.0	0.0
302127	-0.0	0.0
302219	0.0	0.0
302223	-0.0	0.0
302235	-0.0	0.0
302238	0.0	0.0
302247	0.0	0.0
302255	-0.0	0.0
302263	0.0	0.0
302271	-0.0	0.0
302279	-0.0	0.0
302300	0.0	0.0
302303	0.0	0.0
302311	0.0	0.0
302319	0.0	0.0
302327	0.0	0.0
302335	0.0	0.0
302343	-0.0	0.0
302351	0.0	0.0
302359	0.0	0.0
302367	-0.0	0.0
302391	0.0	0.0
302399	0.0	0.0
302415	0.0	0.0
302423	-0.0	0.0
302431	-0.0	0.0
302447	-0.0	0.0
302460	0.0	0.0
302463	-0.0	0.0
302471	-0.0	0.0
302479	-0.0	0.0
302487	0.0	0.0
302495	-0.0	0.0
302503	0.0	0.0
302512	0.0	0.0
302524	-0.0	0.0
302532	0.0	0.0
302539	-0.0	0.0
302543	-0.0	0.0
302551	-0.0	0.0
302559	-0.0	0.0
302567	-0.0	0.0
302575	-0.0	0.0
302583	-0.0	0.0
302591	-0.0	0.0
302599	-0.0	0.0
302607	-0.0	0.0
302620	0.0	0.0
302624	-0.0	0.0
302633	0.0	0.0
302659	-0.0	0.0
302666	-0.0	0.0
302683	0.0	0.0
302685	0.0	0.0
302699	-0.0	0.0
302707	-0.0	0.0
302715	0.0	0.0
302724	-0.0	0.0
302732	-0.0	0.0
302735	-0.0	0.0
302743	-0.0	0.0
302751	-0.0	0.0
302759	-0.0	0.0
302767	-0.0	0.0
302855	0.0	0.0
302862	-0.0	0.0
302869	0.0	0.0
302877	0.0	0.0
302885	-0.0	0.0
302893	0.0	0.0
302903	-0.0	0.0
302911	-0.0	0.0
302924	-0.0	0.0
302943	0.0	0.0
302950	-0.0	0.0
302959	-0.0	0.0
302968	-0.0	0.0
302975	0.0	0.0
302983	-0.0	0.0
302991	0.0	0.0
302999	-0.0	0.0
303005	-0.0	0.0
303019	-0.0	0.0
303031	0.0	0.0
303039	0.0	0.0
303047	-0.0	0.0
303055	-0.0	0.0
303063	0.0	0.0
303071	-0.0	0.0
303087	-0.0	0.0
303100	0.0	0.0
303103	-0.0	0.0
303111	-0.0	0.0
303119	-0.0	0.0
303127	-0.0	0.0
303143	0.0	0.0
303151	0.0	0.0
303180	-0.0	0.0
303183	-0.0	0.0
303191	-0.0	0.0
303199	-0.0	0.0
303207	-0.0	0.0
303215	-0.0	0.0
303223	-0.0	0.0
303231	-0.0	0.0
303239	-0.0	0.0
303247	-0.0	0.0
303259	-0.0	0.0
303263	-0.0	0.0
303273	-0.0	0.0
303281	0.0	0.0
303287	0.0	0.0
303295	-0.0	0.0
303304	-0.0	0.0
303312	0.0	0.0
303319	0.0	0.0
303327	-0.0	0.0
303343	-0.0	0.0
303351	-0.0	0.0
303359	-0.0	0.0
303370	-0.0	0.0
303375	-0.0	0.0
303383	-0.0	0.0
303391	-0.0	0.0
303399	-0.0	0.0
303407	-0.0	0.0
303660	0.0	0.0
303663	-0.0	0.0
303671	-0.0	0.0
303677	-0.0	0.0
303685	-0.0	0.0
303693	-0.0	0.0
303703	-0.0	0.0
303711	-0.0	0.0
303719	0.0	0.0
303725	-0.0	0.0
303744	-0.0	0.0
303752	-0.0	0.0
303757	0.0	0.0
303777	-0.0	0.0
303784	-0.0	0.0
303796	-0.0	0.0
303798	0.0	0.0
303821	-0.0	0.0
303833	-0.0	0.0
303849	-0.0	0.0
303857	0.0	0.0
303873	-0.0	0.0
303881	0.0	0.0
303885	-0.0	0.0
304140	-0.0	0.0
304142	-0.0	0.0
304149	-0.0	0.0
304167	-0.0	0.0
304176	-0.0	0.0
304183	0.0	0.0
304189	-0.0	0.0
304199	-0.0	0.0
304220	-0.0	0.0
304222	-0.0	0.0
304230	-0.0	0.0
304239	0.0	0.0
304248	-0.0	0.0
304260	-0.0	0.0
304263	0.0	0.0
304271	0.0	0.0
304279	0.0	0.0
304292	0.0	0.0
304295	-0.0	0.0
304303	-0.0	0.0
304311	-0.0	0.0
304317	-0.0	0.0
304325	-0.0	0.0
304340	-0.0	0.0
304343	-0.0	0.0
304351	0.0	0.0
304359	0.0	0.0
304366	-0.0	0.0
304380	0.0	0.0
304385	-0.0	0.0
304392	-0.0	0.0
304400	-0.0	0.0
304412	-0.0	0.0
304416	0.0	0.0
304436	0.0	0.0
304445	-0.0	0.0
304460	-0.0	0.0
304463	-0.0	0.0
304471	-0.0	0.0
304479	-0.0	0.0
304487	-0.0	0.0
304495	-0.0	0.0
304503	-0.0	0.0
304511	-0.0	0.0
304519	-0.0	0.0
304527	-0.0	0.0
304540	0.0	0.0
304543	-0.0	0.0
304551	-0.0	0.0
304559	0.0	0.0
304568	-0.0	0.0
304577	-0.0	0.0
304588	0.0	0.0
304594	-0.0	0.0
304604	0.0	0.0
304612	0.0	0.0
304627	0.0	0.0
304635	0.0	0.0
304643	-0.0	0.0
304651	-0.0	0.0
304659	0.0	0.0
304667	-0.0	0.0
304671	-0.0	0.0
304679	-0.0	0.0
304687	-0.0	0.0
304780	0.0	0.0
304790	0.0	0.0
304798	0.0	0.0
304811	0.0	0.0
304815	-0.0	0.0
304823	-0.0	0.0
304831	-0.0	0.0
304839	-0.0	0.0
304847	-0.0	0.0
304859	0.0	0.0
304867	-0.0	0.0
304875	-0.0	0.0
304879	0.0	0.0
304890	-0.0	0.0
304895	0.0	0.0
304903	-0.0	0.0
304911	-0.0	0.0
304919	0.0	0.0
304927	-0.0	0.0
304940	-0.0	0.0
304951	-0.0	0.0
304959	-0.0	0.0
304967	-0.0	0.0
304975	0.0	0.0
304991	-0.0	0.0
304999	-0.0	0.0
305007	-0.0	0.0
305020	0.0	0.0
305023	-0.0	0.0
305031	-0.0	0.0
305039	-0.0	0.0
305047	0.0	0.0
305055	0.0	0.0
305063	-0.0	0.0
305071	-0.0	0.0
305079	0.0	0.0
305087	0.0	0.0
305100	-0.0	0.0
305103	-0.0	0.0
305111	-0.0	0.0
305119	-0.0	0.0
305127	-0.0	0.0
305135	-0.0	0.0
305143	-0.0	0.0
305151	-0.0	0.0
305159	-0.0	0.0
305167	-0.0	0.0
305180	0.0	0.0
305185	0.0	0.0
305203	0.0	0.0
305212	-0.0	0.0
305219	-0.0	0.0
305226	-0.0	0.0
305244	-0.0	0.0
305245	-0.0	0.0
305267	0.0	0.0
305275	0.0	0.0
305283	-0.0	0.0
305291	-0.0	0.0
305299	-0.0	0.0
305307	-0.0	0.0
305315	-0.0	0.0
305323	0.0	0.0
305325	-0.0	0.0
305420	-0.0	0.0
305422	0.0	0.0
305430	-0.0	0.0
305438	-0.0	0.0
305447	-0.0	0.0
305460	-0.0	0.0
305461	-0.0	0.0
305471	-0.0	0.0
305478	0.0	0.0
305499	-0.0	0.0
305507	-0.0	0.0
305515	0.0	0.0
305519	0.0	0.0
305527	-0.0	0.0
305539	0.0	0.0
305551	-0.0	0.0
305559	-0.0	0.0
305567	-0.0	0.0
305580	0.0	0.0
305583	-0.0	0.0
305591	0.0	0.0
305599	0.0	0.0
305607	0.0	0.0
305615	-0.0	0.0
305623	0.0	0.0
305631	-0.0	0.0
305639	0.0	0.0
305647	-0.0	0.0
305657	-0.0	0.0
305664	0.0	0.0
305672	-0.0	0.0
305680	-0.0	0.0
305689	0.0	0.0
305696	0.0	0.0
305705	-0.0	0.0
305713	0.0	0.0
305721	0.0	0.0
305726	0.0	0.0
305740	-0.0	0.0
305743	-0.0	0.0
305751	-0.0	0.0
305759	-0.0	0.0
305767	-0.0	0.0
305775	-0.0	0.0
305783	-0.0	0.0
305791	-0.0	0.0
305799	-0.0	0.0
305807	-0.0	0.0
305820	-0.0	0.0
305823	-0.0	0.0
305832	-0.0	0.0
305841	0.0	0.0
305855	-0.0	0.0
305863	-0.0	0.0
305872	0.0	0.0
305879	-0.0	0.0
305887	-0.0	0.0
305903	-0.0	0.0
305921	0.0	0.0
305928	-0.0	0.0
305935	-0.0	0.0
305943	-0.0	0.0
305951	-0.0	0.0
305959	-0.0	0.0
305967	-0.0	0.0
306140	-0.0	0.0
306142	-0.0	0.0
306150	-0.0	0.0
306158	0.0	0.0
306167	-0.0	0.0
306174	-0.0	0.0
306183	-0.0	0.0
306191	-0.0	0.0
306200	-0.0	0.0
306205	-0.0	0.0
306220	-0.0	0.0
306221	-0.0	0.0
306231	0.0	0.0
306239	0.0	0.0
306245	-0.0	0.0
306255	-0.0	0.0
306263	0.0	0.0
306271	0.0	0.0
306277	-0.0	0.0
306286	-0.0	0.0
306297	0.0	0.0
306304	-0.0	0.0
306312	-0.0	0.0
306325	-0.0	0.0
306337	0.0	0.0
306345	-0.0	0.0
306353	0.0	0.0
306361	-0.0	0.0
306365	-0.0	0.0
306377	-0.0	0.0
306385	-0.0	0.0
306393	0.0	0.0
306397	-0.0	0.0
306409	-0.0	0.0
306417	-0.0	0.0
306425	-0.0	0.0
306433	0.0	0.0
306438	-0.0	0.0
306445	-0.0	0.0
306460	0.0	0.0
306466	-0.0	0.0
306474	-0.0	0.0
306482	-0.0	0.0
306492	0.0	0.0
306498	-0.0	0.0
306515	-0.0	0.0
306517	-0.0	0.0
306526	-0.0	0.0
306540	0.0	0.0
306547	-0.0	0.0
306555	0.0	0.0
306557	0.0	0.0
306566	-0.0	0.0
306587	-0.0	0.0
306589	-0.0	0.0
306603	-0.0	0.0
306605	-0.0	0.0
306700	-0.0	0.0
306703	0.0	0.0
306718	0.0	0.0
306727	-0.0	0.0
306735	-0.0	0.0
306743	-0.0	0.0
306751	-0.0	0.0
306759	-0.0	0.0
306780	0.0	0.0
306783	0.0	0.0
306795	0.0	0.0
306803	-0.0	0.0
306810	0.0	0.0
306815	0.0	0.0
306823	-0.0	0.0
306831	0.0	0.0
306847	-0.0	0.0
306860	0.0	0.0
306863	0.0	0.0
306871	-0.0	0.0
306879	-0.0	0.0
306887	-0.0	0.0
306895	0.0	0.0
306903	-0.0	0.0
306927	-0.0	0.0
306937	-0.0	0.0
306952	-0.0	0.0
306960	-0.0	0.0
306972	0.0	0.0
306977	-0.0	0.0
306985	-0.0	0.0
307001	0.0	0.0
307020	-0.0	0.0
307023	-0.0	0.0
307031	-0.0	0.0
307039	-0.0	0.0
307047	-0.0	0.0
307055	-0.0	0.0
307063	-0.0	0.0
307071	-0.0	0.0
307079	-0.0	0.0
307087	-0.0	0.0
307100	-0.0	0.0
307103	0.0	0.0
307112	0.0	0.0
307127	-0.0	0.0
307135	-0.0	0.0
307143	-0.0	0.0
307152	-0.0	0.0
307159	0.0	0.0
307167	-0.0	0.0
307180	0.0	0.0
307183	-0.0	0.0
307194	0.0	0.0
307202	-0.0	0.0
307209	0.0	0.0
307215	-0.0	0.0
307223	-0.0	0.0
307231	-0.0	0.0
307239	-0.0	0.0
307247	-0.0	0.0
307340	-0.0	0.0
307343	-0.0	0.0
307350	-0.0	0.0
307358	0.0	0.0
307370	0.0	0.0
307383	0.0	0.0
307391	-0.0	0.0
307399	-0.0	0.0
307407	-0.0	0.0
307420	0.0	0.0
307424	-0.0	0.0
307435	-0.0	0.0
307443	0.0	0.0
307451	0.0	0.0
307463	0.0	0.0
307479	0.0	0.0
307487	-0.0	0.0
307500	0.0	0.0
307503	-0.0	0.0
307511	0.0	0.0
307519	-0.0	0.0
307527	0.0	0.0
307535	-0.0	0.0
307551	-0.0	0.0
307559	0.0	0.0
307567	-0.0	0.0
307583	0.0	0.0
307591	-0.0	0.0
307599	-0.0	0.0
307607	-0.0	0.0
307615	-0.0	0.0
307623	0.0	0.0
307631	-0.0	0.0
307639	0.0	0.0
307647	-0.0	0.0
307660	-0.0	0.0
307663	-0.0	0.0
307671	-0.0	0.0
307679	-0.0	0.0
307687	-0.0	0.0
307695	-0.0	0.0
307703	-0.0	0.0
307711	-0.0	0.0
307719	-0.0	0.0
307727	-0.0	0.0
307740	-0.0	0.0
307753	0.0	0.0
307760	-0.0	0.0
307767	0.0	0.0
307775	0.0	0.0
307783	-0.0	0.0
307792	0.0	0.0
307799	-0.0	0.0
307820	-0.0	0.0
307823	-0.0	0.0
307833	-0.0	0.0
307842	-0.0	0.0
307847	-0.0	0.0
307855	-0.0	0.0
307863	-0.0	0.0
307871	-0.0	0.0
307879	-0.0	0.0
307887	-0.0	0.0
307983	-0.0	0.0
307998	0.0	0.0
308011	-0.0	0.0
308015	-0.0	0.0
308023	-0.0	0.0
308031	-0.0	0.0
308039	-0.0	0.0
308047	-0.0	0.0
308060	0.0	0.0
308067	-0.0	0.0
308071	-0.0	0.0
308083	-0.0	0.0
308091	-0.0	0.0
308095	-0.0	0.0
308103	-0.0	0.0
308111	0.0	0.0
308119	-0.0	0.0
308127	-0.0	0.0
308140	-0.0	0.0
308143	0.0	0.0
308151	-0.0	0.0
308175	0.0	0.0
308183	-0.0	0.0
308199	0.0	0.0
308207	-0.0	0.0
308223	-0.0	0.0
308231	-0.0	0.0
308239	-0.0	0.0
308247	0.0	0.0
308263	-0.0	0.0
308271	0.0	0.0
308279	-0.0	0.0
308287	-0.0	0.0
308300	-0.0	0.0
308303	-0.0	0.0
308311	-0.0	0.0
308319	-0.0	0.0
308327	-0.0	0.0
308335	-0.0	0.0
308343	-0.0	0.0
308351	-0.0	0.0
308359	-0.0	0.0
308367	-0.0	0.0
308380	0.0	0.0
308383	0.0	0.0
308393	0.0	0.0
308401	-0.0	0.0
308407	0.0	0.0
308415	0.0	0.0
308423	-0.0	0.0
308439	-0.0	0.0
308447	0.0	0.0
308463	-0.0	0.0
308473	-0.0	0.0
308480	-0.0	0.0
308488	-0.0	0.0
308495	-0.0	0.0
308503	-0.0	0.0
308511	-0.0	0.0
308519	-0.0	0.0
308527	-0.0	0.0
308615	0.0	0.0
308621	-0.0	0.0
308629	-0.0	0.0
308639	0.0	0.0
308645	-0.0	0.0
308653	0.0	0.0
308662	-0.0	0.0
308671	-0.0	0.0
308679	-0.0	0.0
308685	-0.0	0.0
308703	0.0	0.0
308710	-0.0	0.0
308727	0.0	0.0
308743	0.0	0.0
308751	0.0	0.0
308759	-0.0	0.0
308765	-0.0	0.0
308780	-0.0	0.0
308791	0.0	0.0
308798	-0.0	0.0
308807	0.0	0.0
308815	-0.0	0.0
308821	-0.0	0.0
308831	0.0	0.0
308837	-0.0	0.0
308846	-0.0	0.0
308937	0.0	0.0
308945	0.0	0.0
308953	-0.0	0.0
308961	-0.0	0.0
308966	-0.0	0.0
308977	0.0	0.0
308985	-0.0	0.0
308996	0.0	0.0
309001	0.0	0.0
309005	-0.0	0.0
309019	-0.0	0.0
309026	-0.0	0.0
309034	-0.0	0.0
309042	-0.0	0.0
309051	-0.0	0.0
309058	-0.0	0.0
309066	-0.0	0.0
309074	-0.0	0.0
309083	-0.0	0.0
309085	-0.0	0.0
309099	0.0	0.0
309107	0.0	0.0
309115	-0.0	0.0
309117	-0.0	0.0
309125	-0.0	0.0
309139	0.0	0.0
309147	0.0	0.0
309149	-0.0	0.0
309157	0.0	0.0
309165	-0.0	0.0
309263	-0.0	0.0
309270	0.0	0.0
309291	0.0	0.0
309295	-0.0	0.0
309303	-0.0	0.0
309311	-0.0	0.0
309319	-0.0	0.0
309327	-0.0	0.0
309340	-0.0	0.0
309344	-0.0	0.0
309352	-0.0	0.0
309359	-0.0	0.0
309371	-0.0	0.0
309375	0.0	0.0
309383	-0.0	0.0
309391	-0.0	0.0
309399	-0.0	0.0
309407	-0.0	0.0
309423	-0.0	0.0
309431	-0.0	0.0
309439	0.0	0.0
309455	0.0	0.0
309463	0.0	0.0
309471	-0.0	0.0
309479	-0.0	0.0
309487	-0.0	0.0
309500	-0.0	0.0
309503	-0.0	0.0
309511	-0.0	0.0
309519	-0.0	0.0
309527	-0.0	0.0
309535	-0.0	0.0
309551	-0.0	0.0
309559	-0.0	0.0
309567	-0.0	0.0
309580	-0.0	0.0
309583	-0.0	0.0
309591	-0.0	0.0
309599	-0.0	0.0
309607	-0.0	0.0
309615	-0.0	0.0
309623	-0.0	0.0
309631	-0.0	0.0
309639	-0.0	0.0
309647	-0.0	0.0
309660	-0.0	0.0
309663	-0.0	0.0
309672	-0.0	0.0
309681	-0.0	0.0
309687	0.0	0.0
309703	-0.0	0.0
309712	-0.0	0.0
309719	0.0	0.0
309727	-0.0	0.0
309740	0.0	0.0
309743	-0.0	0.0
309753	0.0	0.0
309759	-0.0	0.0
309769	0.0	0.0
309775	-0.0	0.0
309783	-0.0	0.0
309791	-0.0	0.0
309799	-0.0	0.0
309807	-0.0	0.0
309900	-0.0	0.0
309910	-0.0	0.0
309918	-0.0	0.0
309931	-0.0	0.0
309935	-0.0	0.0
309943	-0.0	0.0
309951	-0.0	0.0
309959	-0.0	0.0
309984	-0.0	0.0
309995	0.0	0.0
310003	0.0	0.0
310007	-0.0	0.0
310015	-0.0	0.0
310023	-0.0	0.0
310039	0.0	0.0
310047	-0.0	0.0
310060	0.0	0.0
310087	-0.0	0.0
310095	0.0	0.0
310103	0.0	0.0
310111	0.0	0.0
310119	0.0	0.0
310127	-0.0	0.0
310140	0.0	0.0
310143	0.0	0.0
310151	-0.0	0.0
310159	-0.0	0.0
310167	-0.0	0.0
310183	-0.0	0.0
310191	0.0	0.0
310199	-0.0	0.0
310207	0.0	0.0
310220	-0.0	0.0
310223	-0.0	0.0
310231	-0.0	0.0
310239	-0.0	0.0
310247	-0.0	0.0
310255	-0.0	0.0
310263	-0.0	0.0
310271	-0.0	0.0
310279	-0.0	0.0
310287	-0.0	0.0
310300	0.0	0.0
310303	0.0	0.0
310313	0.0	0.0
310321	-0.0	0.0
310327	-0.0	0.0
310335	0.0	0.0
310343	-0.0	0.0
310352	-0.0	0.0
310359	-0.0	0.0
310367	-0.0	0.0
310380	-0.0	0.0
310383	-0.0	0.0
310392	-0.0	0.0
310399	-0.0	0.0
310407	-0.0	0.0
310415	-0.0	0.0
310423	-0.0	0.0
310431	-0.0	0.0
310439	-0.0	0.0
310447	-0.0	0.0
310695	-0.0	0.0
310703	-0.0	0.0
310711	-0.0	0.0
310717	-0.0	0.0
310727	0.0	0.0
310733	-0.0	0.0
310751	-0.0	0.0
310759	0.0	0.0
310766	-0.0	0.0
310777	0.0	0.0
310784	-0.0	0.0
310792	0.0	0.0
310800	0.0	0.0
310809	-0.0	0.0
310816	0.0	0.0
310825	0.0	0.0
310833	0.0	0.0
310841	-0.0	0.0
310845	0.0	0.0
310865	-0.0	0.0
310873	0.0	0.0
310881	0.0	0.0
310889	-0.0	0.0
310897	-0.0	0.0
310905	-0.0	0.0
310909	-0.0	0.0
310921	-0.0	0.0
310925	-0.0	0.0
311343	-0.0	0.0
311351	0.0	0.0
311359	-0.0	0.0
311367	0.0	0.0
311383	-0.0	0.0
311391	-0.0	0.0
311407	-0.0	0.0
311417	-0.0	0.0
311424	-0.0	0.0
311432	-0.0	0.0
311440	-0.0	0.0
311449	0.0	0.0
311456	-0.0	0.0
311468	-0.0	0.0
311473	0.0	0.0
311481	0.0	0.0
311492	-0.0	0.0
311497	0.0	0.0
311505	-0.0	0.0
311513	-0.0	0.0
311517	-0.0	0.0
311526	-0.0	0.0
311537	0.0	0.0
311543	-0.0	0.0
311552	-0.0	0.0
311559	-0.0	0.0
311567	-0.0	0.0
311580	-0.0	0.0
311586	-0.0	0.0
311594	-0.0	0.0
311603	-0.0	0.0
311611	-0.0	0.0
311619	-0.0	0.0
311626	-0.0	0.0
311635	-0.0	0.0
311642	-0.0	0.0
311645	0.0	0.0
311660	-0.0	0.0
311668	-0.0	0.0
311675	-0.0	0.0
311677	0.0	0.0
311685	0.0	0.0
311693	-0.0	0.0
311707	-0.0	0.0
311715	0.0	0.0
311723	0.0	0.0
311725	-0.0	0.0
311820	0.0	0.0
311823	-0.0	0.0
311830	-0.0	0.0
311838	0.0	0.0
311848	-0.0	0.0
311855	-0.0	0.0
311863	0.0	0.0
311871	-0.0	0.0
311879	-0.0	0.0
311887	0.0	0.0
311900	-0.0	0.0
311906	0.0	0.0
311915	-0.0	0.0
311931	0.0	0.0
311935	-0.0	0.0
311943	0.0	0.0
311951	-0.0	0.0
311959	0.0	0.0
311967	-0.0	0.0
311980	-0.0	0.0
311983	-0.0	0.0
311991	0.0	0.0
311999	0.0	0.0
312007	-0.0	0.0
312015	0.0	0.0
312023	-0.0	0.0
312031	-0.0	0.0
312039	-0.0	0.0
312047	-0.0	0.0
312060	0.0	0.0
312063	0.0	0.0
312071	-0.0	0.0
312079	-0.0	0.0
312087	0.0	0.0
312095	0.0	0.0
312103	-0.0	0.0
312111	-0.0	0.0
312119	0.0	0.0
312140	0.0	0.0
312143	-0.0	0.0
312151	-0.0	0.0
312159	-0.0	0.0
312167	-0.0	0.0
312175	-0.0	0.0
312183	-0.0	0.0
312191	-0.0	0.0
312199	-0.0	0.0
312207	-0.0	0.0
312220	0.0	0.0
312226	-0.0	0.0
312234	-0.0	0.0
312243	-0.0	0.0
312252	0.0	0.0
312260	0.0	0.0
312267	-0.0	0.0
312274	-0.0	0.0
312282	-0.0	0.0
312285	0.0	0.0
312300	-0.0	0.0
312307	0.0	0.0
312315	0.0	0.0
312317	-0.0	0.0
312325	-0.0	0.0
312333	0.0	0.0
312347	0.0	0.0
312351	-0.0	0.0
312359	-0.0	0.0
312367	-0.0	0.0
312460	0.0	0.0
312463	-0.0	0.0
312470	-0.0	0.0
312478	-0.0	0.0
312495	0.0	0.0
312503	-0.0	0.0
312511	-0.0	0.0
312519	-0.0	0.0
312527	-0.0	0.0
312543	0.0	0.0
312555	-0.0	0.0
312559	-0.0	0.0
312571	-0.0	0.0
312575	0.0	0.0
312583	0.0	0.0
312591	0.0	0.0
312599	-0.0	0.0
312607	-0.0	0.0
312620	-0.0	0.0
312623	0.0	0.0
312631	0.0	0.0
312639	0.0	0.0
312663	-0.0	0.0
312671	-0.0	0.0
312679	0.0	0.0
312687	-0.0	0.0
312700	-0.0	0.0
312703	-0.0	0.0
312711	-0.0	0.0
312719	-0.0	0.0
312727	-0.0	0.0
312735	-0.0	0.0
312743	-0.0	0.0
312751	-0.0	0.0
312759	0.0	0.0
312767	-0.0	0.0
312780	0.0	0.0
312783	-0.0	0.0
312791	-0.0	0.0
312799	-0.0	0.0
312807	-0.0	0.0
312815	-0.0	0.0
312823	-0.0	0.0
312831	-0.0	0.0
312839	-0.0	0.0
312847	-0.0	0.0
312863	0.0	0.0
312873	0.0	0.0
312881	-0.0	0.0
312887	0.0	0.0
312904	-0.0	0.0
312912	-0.0	0.0
312919	-0.0	0.0
312927	0.0	0.0
312940	0.0	0.0
312943	-0.0	0.0
312952	-0.0	0.0
312960	-0.0	0.0
312968	-0.0	0.0
312975	-0.0	0.0
312983	-0.0	0.0
312991	-0.0	0.0
312999	-0.0	0.0
313007	-0.0	0.0
313255	0.0	0.0
313263	0.0	0.0
313271	-0.0	0.0
313277	-0.0	0.0
313287	-0.0	0.0
313293	-0.0	0.0
313309	-0.0	0.0
313319	0.0	0.0
313325	-0.0	0.0
314059	-0.0	0.0
314063	-0.0	0.0
314071	-0.0	0.0
314079	-0.0	0.0
314087	-0.0	0.0
314095	-0.0	0.0
314103	-0.0	0.0
314112	-0.0	0.0
314119	-0.0	0.0
314127	-0.0	0.0
314139	0.0	0.0
314146	-0.0	0.0
314154	0.0	0.0
314162	-0.0	0.0
314165	-0.0	0.0
314178	0.0	0.0
314187	0.0	0.0
314196	0.0	0.0
314203	-0.0	0.0
314205	0.0	0.0
314221	-0.0	0.0
314235	0.0	0.0
314243	0.0	0.0
314252	-0.0	0.0
314267	-0.0	0.0
314275	0.0	0.0
314277	-0.0	0.0
314285	-0.0	0.0
314380	0.0	0.0
314383	0.0	0.0
314390	0.0	0.0
314398	-0.0	0.0
314407	-0.0	0.0
314415	-0.0	0.0
314423	-0.0	0.0
314431	-0.0	0.0
314439	-0.0	0.0
314460	0.0	0.0
314467	-0.0	0.0
314475	-0.0	0.0
314479	-0.0	0.0
314487	0.0	0.0
314495	-0.0	0.0
314503	0.0	0.0
314511	0.0	0.0
314527	-0.0	0.0
314540	-0.0	0.0
314543	0.0	0.0
314559	-0.0	0.0
314567	-0.0	0.0
314575	-0.0	0.0
314583	0.0	0.0
314599	-0.0	0.0
314607	-0.0	0.0
314620	-0.0	0.0
314623	-0.0	0.0
314631	-0.0	0.0
314639	-0.0	0.0
314647	0.0	0.0
314655	0.0	0.0
314663	0.0	0.0
314671	-0.0	0.0
314679	-0.0	0.0
314687	0.0	0.0
314700	0.0	0.0
314703	-0.0	0.0
314711	-0.0	0.0
314719	-0.0	0.0
314727	-0.0	0.0
314735	-0.0	0.0
314743	-0.0	0.0
314751	-0.0	0.0
314759	-0.0	0.0
314767	-0.0	0.0
314780	-0.0	0.0
314783	-0.0	0.0
314793	-0.0	0.0
314807	-0.0	0.0
314815	0.0	0.0
314824	-0.0	0.0
314832	0.0	0.0
314839	-0.0	0.0
314863	-0.0	0.0
314874	-0.0	0.0
314882	-0.0	0.0
314889	0.0	0.0
314895	-0.0	0.0
314903	-0.0	0.0
314911	-0.0	0.0
314919	-0.0	0.0
314927	-0.0	0.0
315020	-0.0	0.0
315023	-0.0	0.0
315030	-0.0	0.0
315038	-0.0	0.0
315048	0.0	0.0
315055	-0.0	0.0
315063	0.0	0.0
315071	-0.0	0.0
315079	-0.0	0.0
315100	0.0	0.0
315104	-0.0	0.0
315111	-0.0	0.0
315119	-0.0	0.0
315131	0.0	0.0
315135	0.0	0.0
315143	0.0	0.0
315151	0.0	0.0
315159	-0.0	0.0
315167	-0.0	0.0
315180	0.0	0.0
315183	-0.0	0.0
315191	-0.0	0.0
315199	-0.0	0.0
315207	0.0	0.0
315215	-0.0	0.0
315231	-0.0	0.0
315239	-0.0	0.0
315247	-0.0	0.0
315260	0.0	0.0
315263	0.0	0.0
315271	-0.0	0.0
315279	-0.0	0.0
315287	-0.0	0.0
315295	-0.0	0.0
315303	-0.0	0.0
315311	-0.0	0.0
315319	-0.0	0.0
315327	-0.0	0.0
315343	-0.0	0.0
315351	-0.0	0.0
315359	-0.0	0.0
315367	-0.0	0.0
315375	-0.0	0.0
315383	-0.0	0.0
315391	-0.0	0.0
315399	-0.0	0.0
315407	-0.0	0.0
315423	-0.0	0.0
315432	0.0	0.0
315441	-0.0	0.0
315447	-0.0	0.0
315455	0.0	0.0
315464	-0.0	0.0
315472	0.0	0.0
315479	0.0	0.0
315487	-0.0	0.0
315500	0.0	0.0
315503	-0.0	0.0
315512	-0.0	0.0
315520	-0.0	0.0
315527	-0.0	0.0
315535	-0.0	0.0
315543	-0.0	0.0
315551	-0.0	0.0
315559	-0.0	0.0
315567	-0.0	0.0
315819	-0.0	0.0
315823	0.0	0.0
315831	0.0	0.0
315839	-0.0	0.0
315847	0.0	0.0
315855	0.0	0.0
315863	-0.0	0.0
315887	-0.0	0.0
315900	0.0	0.0
315904	-0.0	0.0
315912	-0.0	0.0
315920	-0.0	0.0
315929	-0.0	0.0
315936	-0.0	0.0
315945	0.0	0.0
315965	-0.0	0.0
315985	0.0	0.0
315993	-0.0	0.0
316001	0.0	0.0
316005	-0.0	0.0
316017	0.0	0.0
316033	0.0	0.0
316041	0.0	0.0
316045	-0.0	0.0
316139	0.0	0.0
316155	0.0	0.0
316157	-0.0	0.0
316171	0.0	0.0
316173	0.0	0.0
316188	-0.0	0.0
316196	-0.0	0.0
316197	-0.0	0.0
316205	-0.0	0.0
316460	0.0	0.0
316463	-0.0	0.0
316471	0.0	0.0
316487	-0.0	0.0
316495	0.0	0.0
316503	-0.0	0.0
316511	0.0	0.0
316519	-0.0	0.0
316527	-0.0	0.0
316540	0.0	0.0
316551	-0.0	0.0
316559	-0.0	0.0
316567	-0.0	0.0
316575	0.0	0.0
316583	-0.0	0.0
316591	-0.0	0.0
316599	-0.0	0.0
316607	-0.0	0.0
316620	0.0	0.0
316623	-0.0	0.0
316631	-0.0	0.0
316639	-0.0	0.0
316647	-0.0	0.0
316655	-0.0	0.0
316663	-0.0	0.0
316671	-0.0	0.0
316679	-0.0	0.0
316687	-0.0	0.0
316700	-0.0	0.0
316706	0.0	0.0
316714	0.0	0.0
316723	0.0	0.0
316731	-0.0	0.0
316739	0.0	0.0
316746	-0.0	0.0
316755	0.0	0.0
316763	0.0	0.0
316765	-0.0	0.0
316783	-0.0	0.0
316792	-0.0	0.0
316800	-0.0	0.0
316809	-0.0	0.0
316815	-0.0	0.0
316823	-0.0	0.0
316831	-0.0	0.0
316839	-0.0	0.0
316847	-0.0	0.0
316940	-0.0	0.0
316943	-0.0	0.0
316952	0.0	0.0
316961	-0.0	0.0
316967	0.0	0.0
316975	-0.0	0.0
316983	-0.0	0.0
316991	-0.0	0.0
316999	-0.0	0.0
317007	0.0	0.0
317019	0.0	0.0
317023	-0.0	0.0
317031	-0.0	0.0
317039	0.0	0.0
317047	-0.0	0.0
317055	0.0	0.0
317063	0.0	0.0
317071	-0.0	0.0
317079	0.0	0.0
317087	-0.0	0.0
317103	-0.0	0.0
317119	0.0	0.0
317135	-0.0	0.0
317143	-0.0	0.0
317159	0.0	0.0
317167	-0.0	0.0
317179	0.0	0.0
317191	-0.0	0.0
317199	-0.0	0.0
317207	0.0	0.0
317215	0.0	0.0
317223	0.0	0.0
317231	0.0	0.0
317239	0.0	0.0
317247	0.0	0.0
317260	-0.0	0.0
317263	-0.0	0.0
317271	-0.0	0.0
317279	-0.0	0.0
317287	-0.0	0.0
317295	-0.0	0.0
317303	-0.0	0.0
317311	-0.0	0.0
317319	-0.0	0.0
317327	-0.0	0.0
317339	0.0	0.0
317343	-0.0	0.0
317353	-0.0	0.0
317361	0.0	0.0
317375	-0.0	0.0
317384	-0.0	0.0
317392	-0.0	0.0
317399	0.0	0.0
317407	-0.0	0.0
317420	0.0	0.0
317423	-0.0	0.0
317432	-0.0	0.0
317442	0.0	0.0
317449	0.0	0.0
317455	-0.0	0.0
317463	-0.0	0.0
317471	-0.0	0.0
317479	-0.0	0.0
317487	-0.0	0.0
317580	0.0	0.0
317583	0.0	0.0
317590	-0.0	0.0
317598	-0.0	0.0
317608	-0.0	0.0
317615	-0.0	0.0
317623	-0.0	0.0
317631	-0.0	0.0
317639	-0.0	0.0
317647	0.0	0.0
317660	-0.0	0.0
317663	-0.0	0.0
317672	-0.0	0.0
317688	-0.0	0.0
317695	-0.0	0.0
317703	0.0	0.0
317711	0.0	0.0
317727	-0.0	0.0
317740	0.0	0.0
317743	0.0	0.0
317751	0.0	0.0
317759	-0.0	0.0
317767	-0.0	0.0
317775	0.0	0.0
317783	0.0	0.0
317791	0.0	0.0
317799	0.0	0.0
317807	-0.0	0.0
317820	-0.0	0.0
317823	0.0	0.0
317831	-0.0	0.0
317839	-0.0	0.0
317847	-0.0	0.0
317855	-0.0	0.0
317863	0.0	0.0
317871	0.0	0.0
317887	-0.0	0.0
317899	-0.0	0.0
317903	-0.0	0.0
317911	-0.0	0.0
317919	-0.0	0.0
317927	-0.0	0.0
317935	-0.0	0.0
317943	-0.0	0.0
317951	-0.0	0.0
317959	-0.0	0.0
317967	-0.0	0.0
317993	0.0	0.0
318001	-0.0	0.0
318007	0.0	0.0
318023	-0.0	0.0
318032	-0.0	0.0
318039	-0.0	0.0
318047	-0.0	0.0
318060	0.0	0.0
318063	-0.0	0.0
318074	-0.0	0.0
318079	-0.0	0.0
318089	0.0	0.0
318095	-0.0	0.0
318103	-0.0	0.0
318111	-0.0	0.0
318119	-0.0	0.0
318127	-0.0	0.0
318379	-0.0	0.0
318383	-0.0	0.0
318391	-0.0	0.0
318399	0.0	0.0
318407	0.0	0.0
318415	0.0	0.0
318423	-0.0	0.0
318431	0.0	0.0
318439	-0.0	0.0
318447	-0.0	0.0
318460	-0.0	0.0
318463	0.0	0.0
318471	-0.0	0.0
318479	-0.0	0.0
318487	0.0	0.0
318495	-0.0	0.0
318503	-0.0	0.0
318511	-0.0	0.0
318519	0.0	0.0
318540	-0.0	0.0
318543	-0.0	0.0
318551	-0.0	0.0
318559	-0.0	0.0
318567	-0.0	0.0
318575	-0.0	0.0
318583	-0.0	0.0
318591	-0.0	0.0
318599	-0.0	0.0
318607	-0.0	0.0
318623	0.0	0.0
318633	-0.0	0.0
318640	-0.0	0.0
318647	-0.0	0.0
318655	0.0	0.0
318663	-0.0	0.0
318672	0.0	0.0
318687	-0.0	0.0
318699	-0.0	0.0
318703	-0.0	0.0
318711	-0.0	0.0
318719	-0.0	0.0
318727	-0.0	0.0
318735	-0.0	0.0
318743	-0.0	0.0
318751	-0.0	0.0
318759	-0.0	0.0
318767	-0.0	0.0
319020	-0.0	0.0
319039	-0.0	0.0
319047	-0.0	0.0
319055	-0.0	0.0
319063	0.0	0.0
319071	0.0	0.0
319079	-0.0	0.0
319087	-0.0	0.0
319100	0.0	0.0
319103	-0.0	0.0
319111	-0.0	0.0
319119	-0.0	0.0
319127	0.0	0.0
319135	0.0	0.0
319143	0.0	0.0
319151	0.0	0.0
319159	-0.0	0.0
319167	-0.0	0.0
319183	-0.0	0.0
319191	-0.0	0.0
319199	-0.0	0.0
319207	-0.0	0.0
319215	-0.0	0.0
319223	-0.0	0.0
319231	-0.0	0.0
319239	-0.0	0.0
319247	-0.0	0.0
319260	0.0	0.0
319263	-0.0	0.0
319272	-0.0	0.0
319280	-0.0	0.0
319287	-0.0	0.0
319295	0.0	0.0
319303	-0.0	0.0
319312	0.0	0.0
319319	0.0	0.0
319340	-0.0	0.0
319343	-0.0	0.0
319351	-0.0	0.0
319359	-0.0	0.0
319370	0.0	0.0
319375	-0.0	0.0
319383	-0.0	0.0
319391	-0.0	0.0
319399	-0.0	0.0
319407	-0.0	0.0
319663	-0.0	0.0
319671	-0.0	0.0
319679	0.0	0.0
319687	-0.0	0.0
319703	-0.0	0.0
319711	0.0	0.0
319719	0.0	0.0
319727	-0.0	0.0
319743	0.0	0.0
319751	-0.0	0.0
319759	-0.0	0.0
319767	-0.0	0.0
319775	0.0	0.0
319783	-0.0	0.0
319791	0.0	0.0
319799	-0.0	0.0
319807	-0.0	0.0
319820	0.0	0.0
319823	-0.0	0.0
319831	-0.0	0.0
319839	-0.0	0.0
319847	-0.0	0.0
319855	-0.0	0.0
319863	-0.0	0.0
319871	-0.0	0.0
319879	-0.0	0.0
319887	-0.0	0.0
319900	0.0	0.0
319903	-0.0	0.0
319913	0.0	0.0
319921	-0.0	0.0
319927	-0.0	0.0
319935	-0.0	0.0
319943	-0.0	0.0
319952	0.0	0.0
319959	0.0	0.0
319967	-0.0	0.0
319983	-0.0	0.0
319991	-0.0	0.0
320001	0.0	0.0
320010	0.0	0.0
320015	-0.0	0.0
320023	-0.0	0.0
320031	-0.0	0.0
320039	-0.0	0.0
320047	-0.0	0.0
320319	0.0	0.0
320327	0.0	0.0
320335	-0.0	0.0
320343	-0.0	0.0
320351	0.0	0.0
320359	-0.0	0.0
320367	-0.0	0.0
320380	-0.0	0.0
320384	-0.0	0.0
320392	-0.0	0.0
320400	-0.0	0.0
320407	-0.0	0.0
320415	-0.0	0.0
320423	-0.0	0.0
320432	-0.0	0.0
320444	0.0	0.0
320447	-0.0	0.0
320462	-0.0	0.0
320473	-0.0	0.0
320479	-0.0	0.0
320487	-0.0	0.0
320495	-0.0	0.0
320503	-0.0	0.0
320512	-0.0	0.0
320519	-0.0	0.0
320527	-0.0	0.0
320540	0.0	0.0
320545	-0.0	0.0
320553	0.0	0.0
320567	0.0	0.0
320575	0.0	0.0
320583	-0.0	0.0
320592	0.0	0.0
320599	0.0	0.0
320607	-0.0	0.0
320620	0.0	0.0
320635	0.0	0.0
320640	-0.0	0.0
320651	0.0	0.0
320659	0.0	0.0
320663	-0.0	0.0
320671	-0.0	0.0
320679	-0.0	0.0
320687	-0.0	0.0
320940	0.0	0.0
320943	0.0	0.0
320959	-0.0	0.0
320967	0.0	0.0
320975	-0.0	0.0
320983	0.0	0.0
320991	0.0	0.0
320999	-0.0	0.0
321007	-0.0	0.0
321023	0.0	0.0
321031	-0.0	0.0
321039	-0.0	0.0
321047	-0.0	0.0
321055	0.0	0.0
321064	0.0	0.0
321075	-0.0	0.0
321084	0.0	0.0
321091	-0.0	0.0
321103	-0.0	0.0
321111	-0.0	0.0
321119	-0.0	0.0
321127	-0.0	0.0
321135	-0.0	0.0
321143	-0.0	0.0
321151	-0.0	0.0
321159	-0.0	0.0
321167	-0.0	0.0
321180	0.0	0.0
321183	0.0	0.0
321193	0.0	0.0
321201	-0.0	0.0
321207	-0.0	0.0
321215	-0.0	0.0
321223	-0.0	0.0
321232	0.0	0.0
321239	0.0	0.0
321247	-0.0	0.0
321260	-0.0	0.0
321263	-0.0	0.0
321280	-0.0	0.0
321290	-0.0	0.0
321295	-0.0	0.0
321303	-0.0	0.0
321311	-0.0	0.0
321319	-0.0	0.0
321327	-0.0	0.0
321579	-0.0	0.0
321583	0.0	0.0
321591	0.0	0.0
321599	0.0	0.0
321607	0.0	0.0
321615	0.0	0.0
321623	0.0	0.0
321631	0.0	0.0
321639	-0.0	0.0
321647	-0.0	0.0
321663	0.0	0.0
321671	-0.0	0.0
321679	-0.0	0.0
321687	0.0	0.0
321695	0.0	0.0
321703	0.0	0.0
321711	0.0	0.0
321740	-0.0	0.0
321743	-0.0	0.0
321751	-0.0	0.0
321759	-0.0	0.0
321767	-0.0	0.0
321775	-0.0	0.0
321783	-0.0	0.0
321791	-0.0	0.0
321799	-0.0	0.0
321807	-0.0	0.0
321840	-0.0	0.0
321847	-0.0	0.0
321855	0.0	0.0
321863	-0.0	0.0
321872	-0.0	0.0
321887	0.0	0.0
321900	-0.0	0.0
321903	-0.0	0.0
321912	-0.0	0.0
321921	0.0	0.0
321935	-0.0	0.0
321943	-0.0	0.0
321951	-0.0	0.0
321959	-0.0	0.0
321967	-0.0	0.0
322220	-0.0	0.0
322223	-0.0	0.0
322231	-0.0	0.0
322237	-0.0	0.0
322245	-0.0	0.0
322263	-0.0	0.0
322277	-0.0	0.0
322292	0.0	0.0
322380	-0.0	0.0
322383	-0.0	0.0
322391	-0.0	0.0
322399	-0.0	0.0
322407	-0.0	0.0
322415	-0.0	0.0
322423	-0.0	0.0
322432	-0.0	0.0
322439	-0.0	0.0
322447	-0.0	0.0
322460	-0.0	0.0
322463	0.0	0.0
322473	-0.0	0.0
322481	0.0	0.0
322487	0.0	0.0
322495	-0.0	0.0
322503	-0.0	0.0
322512	0.0	0.0
322519	0.0	0.0
322527	-0.0	0.0
322540	-0.0	0.0
322543	-0.0	0.0
322562	-0.0	0.0
322570	-0.0	0.0
322575	-0.0	0.0
322583	-0.0	0.0
322591	-0.0	0.0
322599	-0.0	0.0
322607	-0.0	0.0
322860	0.0	0.0
322871	-0.0	0.0
322887	0.0	0.0
322895	-0.0	0.0
322903	0.0	0.0
322911	-0.0	0.0
322919	-0.0	0.0
322927	-0.0	0.0
322940	0.0	0.0
322943	-0.0	0.0
322951	-0.0	0.0
322959	-0.0	0.0
322967	0.0	0.0
322979	0.0	0.0
322984	-0.0	0.0
322996	-0.0	0.0
323000	0.0	0.0
323011	-0.0	0.0
323020	-0.0	0.0
323023	-0.0	0.0
323031	-0.0	0.0
323039	-0.0	0.0
323047	-0.0	0.0
323055	-0.0	0.0
323063	-0.0	0.0
323071	-0.0	0.0
323079	-0.0	0.0
323087	-0.0	0.0
323100	-0.0	0.0
323103	0.0	0.0
323113	0.0	0.0
323121	0.0	0.0
323127	0.0	0.0
323135	-0.0	0.0
323143	-0.0	0.0
323152	0.0	0.0
323167	-0.0	0.0
323183	-0.0	0.0
323194	0.0	0.0
323200	-0.0	0.0
323210	-0.0	0.0
323215	-0.0	0.0
323223	-0.0	0.0
323231	-0.0	0.0
323239	-0.0	0.0
323247	-0.0	0.0
323503	0.0	0.0
323511	0.0	0.0
323527	0.0	0.0
323535	-0.0	0.0
323543	-0.0	0.0
323551	-0.0	0.0
323559	-0.0	0.0
323567	-0.0	0.0
323577	-0.0	0.0
323584	0.0	0.0
323592	-0.0	0.0
323600	-0.0	0.0
323609	-0.0	0.0
323616	0.0	0.0
323625	-0.0	0.0
323641	-0.0	0.0
323646	0.0	0.0
323660	-0.0	0.0
323663	-0.0	0.0
323671	-0.0	0.0
323679	-0.0	0.0
323687	-0.0	0.0
323695	-0.0	0.0
323703	-0.0	0.0
323711	-0.0	0.0
323719	-0.0	0.0
323727	-0.0	0.0
323739	0.0	0.0
323743	-0.0	0.0
323752	-0.0	0.0
323760	-0.0	0.0
323767	0.0	0.0
323775	0.0	0.0
323783	-0.0	0.0
323792	0.0	0.0
323807	0.0	0.0
323820	-0.0	0.0
323823	-0.0	0.0
323833	0.0	0.0
323841	0.0	0.0
323850	-0.0	0.0
323855	-0.0	0.0
323863	-0.0	0.0
323871	-0.0	0.0
323879	-0.0	0.0
323887	-0.0	0.0
324139	-0.0	0.0
324151	0.0	0.0
324159	0.0	0.0
324167	0.0	0.0
324183	0.0	0.0
324191	0.0	0.0
324199	0.0	0.0
324207	-0.0	0.0
324219	-0.0	0.0
324223	0.0	0.0
324231	-0.0	0.0
324239	-0.0	0.0
324247	-0.0	0.0
324255	0.0	0.0
324263	-0.0	0.0
324271	0.0	0.0
324300	-0.0	0.0
324303	-0.0	0.0
324311	-0.0	0.0
324319	-0.0	0.0
324327	-0.0	0.0
324335	-0.0	0.0
324343	-0.0	0.0
324351	-0.0	0.0
324359	-0.0	0.0
324367	-0.0	0.0
324380	0.0	0.0
324383	-0.0	0.0
324393	0.0	0.0
324400	-0.0	0.0
324407	-0.0	0.0
324423	-0.0	0.0
324447	-0.0	0.0
324460	0.0	0.0
324463	-0.0	0.0
324474	0.0	0.0
324481	0.0	0.0
324488	-0.0	0.0
324495	-0.0	0.0
324503	-0.0	0.0
324511	-0.0	0.0
324519	-0.0	0.0
324527	-0.0	0.0
324783	-0.0	0.0
324791	-0.0	0.0
324799	0.0	0.0
324807	-0.0	0.0
324815	0.0	0.0
324823	0.0	0.0
324831	0.0	0.0
324839	-0.0	0.0
324847	-0.0	0.0
324860	0.0	0.0
324872	-0.0	0.0
324880	-0.0	0.0
324889	0.0	0.0
324896	0.0	0.0
324905	-0.0	0.0
324913	-0.0	0.0
324940	-0.0	0.0
324943	-0.0	0.0
324951	-0.0	0.0
324959	-0.0	0.0
324967	-0.0	0.0
324975	-0.0	0.0
324983	-0.0	0.0
324991	-0.0	0.0
324999	-0.0	0.0
325007	-0.0	0.0
325020	-0.0	0.0
325023	0.0	0.0
325032	-0.0	0.0
325041	-0.0	0.0
325047	-0.0	0.0
325055	-0.0	0.0
325063	-0.0	0.0
325072	-0.0	0.0
325079	0.0	0.0
325087	0.0	0.0
325100	0.0	0.0
325103	-0.0	0.0
325114	0.0	0.0
325121	-0.0	0.0
325129	0.0	0.0
325135	-0.0	0.0
325143	-0.0	0.0
325151	-0.0	0.0
325159	-0.0	0.0
325167	-0.0	0.0
325255	-0.0	0.0
325261	0.0	0.0
325269	-0.0	0.0
325277	-0.0	0.0
325288	-0.0	0.0
325293	-0.0	0.0
325308	-0.0	0.0
325316	-0.0	0.0
325320	-0.0	0.0
325336	0.0	0.0
325342	-0.0	0.0
325350	-0.0	0.0
325359	-0.0	0.0
325367	0.0	0.0
325380	-0.0	0.0
325384	-0.0	0.0
325391	0.0	0.0
325399	-0.0	0.0
325405	-0.0	0.0
325420	0.0	0.0
325423	-0.0	0.0
325431	0.0	0.0
325439	0.0	0.0
325447	0.0	0.0
325455	0.0	0.0
325463	-0.0	0.0
325471	-0.0	0.0
325479	0.0	0.0
325487	-0.0	0.0
325500	-0.0	0.0
325503	-0.0	0.0
325511	-0.0	0.0
325519	-0.0	0.0
325527	0.0	0.0
325535	0.0	0.0
325543	0.0	0.0
325551	0.0	0.0
325559	-0.0	0.0
325567	0.0	0.0
325580	-0.0	0.0
325583	-0.0	0.0
325591	-0.0	0.0
325599	-0.0	0.0
325607	-0.0	0.0
325615	-0.0	0.0
325623	-0.0	0.0
325631	-0.0	0.0
325639	-0.0	0.0
325647	-0.0	0.0
325660	0.0	0.0
325672	-0.0	0.0
325680	0.0	0.0
325687	-0.0	0.0
325695	0.0	0.0
325703	-0.0	0.0
325712	-0.0	0.0
325727	0.0	0.0
325739	-0.0	0.0
325743	-0.0	0.0
325751	-0.0	0.0
325762	-0.0	0.0
325769	-0.0	0.0
325775	-0.0	0.0
325783	-0.0	0.0
325791	-0.0	0.0
325799	-0.0	0.0
325807	-0.0	0.0
325899	0.0	0.0
325903	-0.0	0.0
325910	-0.0	0.0
325918	-0.0	0.0
325931	0.0	0.0
325935	-0.0	0.0
325943	-0.0	0.0
325951	-0.0	0.0
325959	-0.0	0.0
325967	0.0	0.0
325979	-0.0	0.0
325983	0.0	0.0
325995	-0.0	0.0
326000	-0.0	0.0
326007	-0.0	0.0
326015	-0.0	0.0
326023	-0.0	0.0
326031	-0.0	0.0
326039	-0.0	0.0
326047	-0.0	0.0
326060	0.0	0.0
326063	-0.0	0.0
326071	-0.0	0.0
326087	0.0	0.0
326103	0.0	0.0
326111	-0.0	0.0
326119	-0.0	0.0
326127	-0.0	0.0
326137	-0.0	0.0
326144	-0.0	0.0
326152	-0.0	0.0
326160	-0.0	0.0
326169	-0.0	0.0
326176	0.0	0.0
326185	-0.0	0.0
326190	0.0	0.0
326201	-0.0	0.0
326205	-0.0	0.0
326220	0.0	0.0
326223	-0.0	0.0
326231	-0.0	0.0
326239	-0.0	0.0
326247	-0.0	0.0
326255	-0.0	0.0
326263	-0.0	0.0
326271	-0.0	0.0
326279	-0.0	0.0
326287	-0.0	0.0
326300	0.0	0.0
326303	-0.0	0.0
326313	0.0	0.0
326327	0.0	0.0
326335	-0.0	0.0
326343	-0.0	0.0
326352	0.0	0.0
326359	0.0	0.0
326380	0.0	0.0
326383	-0.0	0.0
326391	-0.0	0.0
326399	-0.0	0.0
326409	-0.0	0.0
326415	-0.0	0.0
326423	-0.0	0.0
326431	-0.0	0.0
326439	-0.0	0.0
326447	-0.0	0.0
326700	-0.0	0.0
326703	-0.0	0.0
326711	0.0	0.0
326719	-0.0	0.0
326727	-0.0	0.0
326735	0.0	0.0
326751	-0.0	0.0
326759	-0.0	0.0
326767	-0.0	0.0
326780	0.0	0.0
326783	0.0	0.0
326791	-0.0	0.0
326799	-0.0	0.0
326807	-0.0	0.0
326815	0.0	0.0
326823	-0.0	0.0
326831	0.0	0.0
326839	-0.0	0.0
326847	-0.0	0.0
326863	-0.0	0.0
326871	-0.0	0.0
326879	-0.0	0.0
326887	-0.0	0.0
326895	-0.0	0.0
326903	-0.0	0.0
326911	-0.0	0.0
326919	-0.0	0.0
326927	-0.0	0.0
326939	0.0	0.0
326943	-0.0	0.0
326952	-0.0	0.0
326961	-0.0	0.0
326967	-0.0	0.0
326983	-0.0	0.0
326992	-0.0	0.0
326999	-0.0	0.0
327007	0.0	0.0
327020	0.0	0.0
327023	-0.0	0.0
327032	-0.0	0.0
327039	-0.0	0.0
327047	-0.0	0.0
327055	-0.0	0.0
327063	-0.0	0.0
327071	-0.0	0.0
327079	-0.0	0.0
327087	-0.0	0.0
327180	-0.0	0.0
327183	-0.0	0.0
327190	0.0	0.0
327198	-0.0	0.0
327206	0.0	0.0
327214	0.0	0.0
327228	-0.0	0.0
327230	-0.0	0.0
327244	-0.0	0.0
327252	0.0	0.0
327260	-0.0	0.0
327264	-0.0	0.0
327272	-0.0	0.0
327279	0.0	0.0
327288	-0.0	0.0
327295	0.0	0.0
327303	0.0	0.0
327311	0.0	0.0
327319	-0.0	0.0
327327	-0.0	0.0
327340	0.0	0.0
327343	0.0	0.0
327351	0.0	0.0
327359	-0.0	0.0
327367	0.0	0.0
327375	-0.0	0.0
327383	0.0	0.0
327391	0.0	0.0
327399	0.0	0.0
327407	-0.0	0.0
327420	0.0	0.0
327423	0.0	0.0
327431	-0.0	0.0
327439	-0.0	0.0
327447	0.0	0.0
327455	-0.0	0.0
327463	-0.0	0.0
327471	0.0	0.0
327479	0.0	0.0
327487	-0.0	0.0
327500	-0.0	0.0
327503	-0.0	0.0
327511	-0.0	0.0
327519	-0.0	0.0
327527	-0.0	0.0
327535	-0.0	0.0
327543	-0.0	0.0
327551	-0.0	0.0
327559	-0.0	0.0
327567	-0.0	0.0
327580	-0.0	0.0
327583	0.0	0.0
327600	0.0	0.0
327607	0.0	0.0
327615	0.0	0.0
327623	-0.0	0.0
327639	-0.0	0.0
327647	0.0	0.0
327659	-0.0	0.0
327663	-0.0	0.0
327672	-0.0	0.0
327680	-0.0	0.0
327688	-0.0	0.0
327695	-0.0	0.0
327703	-0.0	0.0
327711	-0.0	0.0
327719	-0.0	0.0
327727	-0.0	0.0
327815	0.0	0.0
327821	0.0	0.0
327829	-0.0	0.0
327839	-0.0	0.0
327847	-0.0	0.0
327855	-0.0	0.0
327864	-0.0	0.0
327870	0.0	0.0
327879	-0.0	0.0
327885	-0.0	0.0
327895	-0.0	0.0
327902	-0.0	0.0
327910	-0.0	0.0
327919	-0.0	0.0
327927	-0.0	0.0
327935	-0.0	0.0
327943	-0.0	0.0
327951	0.0	0.0
327959	-0.0	0.0
327965	-0.0	0.0
327983	-0.0	0.0
327991	-0.0	0.0
327999	-0.0	0.0
328007	0.0	0.0
328015	0.0	0.0
328023	-0.0	0.0
328031	0.0	0.0
328047	-0.0	0.0
328060	-0.0	0.0
328063	0.0	0.0
328071	-0.0	0.0
328079	-0.0	0.0
328087	-0.0	0.0
328111	0.0	0.0
328119	-0.0	0.0
328127	-0.0	0.0
328140	-0.0	0.0
328143	-0.0	0.0
328151	-0.0	0.0
328159	-0.0	0.0
328167	-0.0	0.0
328175	-0.0	0.0
328183	-0.0	0.0
328191	-0.0	0.0
328199	-0.0	0.0
328207	-0.0	0.0
328219	0.0	0.0
328223	-0.0	0.0
328233	-0.0	0.0
328240	-0.0	0.0
328247	0.0	0.0
328255	0.0	0.0
328263	-0.0	0.0
328300	0.0	0.0
328303	-0.0	0.0
328313	-0.0	0.0
328319	-0.0	0.0
328327	-0.0	0.0
328335	-0.0	0.0
328343	-0.0	0.0
328351	-0.0	0.0
328359	-0.0	0.0
328367	-0.0	0.0
328620	-0.0	0.0
328623	0.0	0.0
328631	-0.0	0.0
328637	-0.0	0.0
328655	0.0	0.0
328663	0.0	0.0
328671	0.0	0.0
328685	-0.0	0.0
328697	-0.0	0.0
328704	-0.0	0.0
328712	-0.0	0.0
328717	0.0	0.0
328728	-0.0	0.0
328737	0.0	0.0
328745	-0.0	0.0
328761	0.0	0.0
328777	-0.0	0.0
328788	0.0	0.0
328793	-0.0	0.0
328801	0.0	0.0
328809	-0.0	0.0
328817	-0.0	0.0
328825	-0.0	0.0
328833	0.0	0.0
328852	-0.0	0.0
328860	-0.0	0.0
328864	-0.0	0.0
328871	-0.0	0.0
328880	-0.0	0.0
328888	-0.0	0.0
328900	0.0	0.0
328902	-0.0	0.0
328914	-0.0	0.0
328924	0.0	0.0
328931	0.0	0.0
328939	-0.0	0.0
328947	0.0	0.0
328973	-0.0	0.0
328987	-0.0	0.0
328989	-0.0	0.0
329012	-0.0	0.0
329263	-0.0	0.0
329271	0.0	0.0
329303	0.0	0.0
329319	-0.0	0.0
329327	-0.0	0.0
329340	0.0	0.0
329343	0.0	0.0
329351	-0.0	0.0
329359	-0.0	0.0
329383	-0.0	0.0
329391	-0.0	0.0
329407	0.0	0.0
329420	0.0	0.0
329423	-0.0	0.0
329431	-0.0	0.0
329439	-0.0	0.0
329447	-0.0	0.0
329455	-0.0	0.0
329463	-0.0	0.0
329471	-0.0	0.0
329479	-0.0	0.0
329487	-0.0	0.0
329500	-0.0	0.0
329513	0.0	0.0
329521	-0.0	0.0
329527	-0.0	0.0
329535	0.0	0.0
329543	-0.0	0.0
329559	-0.0	0.0
329567	0.0	0.0
329579	0.0	0.0
329583	-0.0	0.0
329594	-0.0	0.0
329601	0.0	0.0
329609	0.0	0.0
329615	-0.0	0.0
329623	-0.0	0.0
329631	-0.0	0.0
329639	-0.0	0.0
329647	-0.0	0.0
329900	-0.0	0.0
329911	-0.0	0.0
329919	0.0	0.0
329927	0.0	0.0
329943	-0.0	0.0
329951	0.0	0.0
329967	-0.0	0.0
329980	0.0	0.0
329983	0.0	0.0
329991	-0.0	0.0
330000	-0.0	0.0
330012	-0.0	0.0
330016	0.0	0.0
330028	-0.0	0.0
330033	0.0	0.0
330041	-0.0	0.0
330045	-0.0	0.0
330063	-0.0	0.0
330071	-0.0	0.0
330079	-0.0	0.0
330087	-0.0	0.0
330095	-0.0	0.0
330103	-0.0	0.0
330111	-0.0	0.0
330119	-0.0	0.0
330127	-0.0	0.0
330153	0.0	0.0
330161	0.0	0.0
330167	-0.0	0.0
330175	0.0	0.0
330183	-0.0	0.0
330192	0.0	0.0
330199	-0.0	0.0
330207	-0.0	0.0
330220	0.0	0.0
330223	-0.0	0.0
330231	-0.0	0.0
330239	-0.0	0.0
330248	-0.0	0.0
330255	-0.0	0.0
330263	-0.0	0.0
330271	-0.0	0.0
330279	-0.0	0.0
330287	-0.0	0.0
330374	0.0	0.0
330381	-0.0	0.0
330397	-0.0	0.0
330405	0.0	0.0
330421	0.0	0.0
330436	-0.0	0.0
330445	-0.0	0.0
330464	-0.0	0.0
330474	0.0	0.0
330483	0.0	0.0
330491	0.0	0.0
330503	-0.0	0.0
330519	-0.0	0.0
330527	-0.0	0.0
330540	0.0	0.0
330543	0.0	0.0
330551	0.0	0.0
330559	-0.0	0.0
330567	-0.0	0.0
330575	0.0	0.0
330583	-0.0	0.0
330591	0.0	0.0
330599	0.0	0.0
330607	-0.0	0.0
330620	0.0	0.0
330623	0.0	0.0
330631	-0.0	0.0
330639	-0.0	0.0
330647	-0.0	0.0
330655	0.0	0.0
330663	-0.0	0.0
330671	-0.0	0.0
330679	0.0	0.0
330687	-0.0	0.0
330703	-0.0	0.0
330711	-0.0	0.0
330719	-0.0	0.0
330727	-0.0	0.0
330735	-0.0	0.0
330743	-0.0	0.0
330751	-0.0	0.0
330759	-0.0	0.0
330767	-0.0	0.0
330780	0.0	0.0
330783	-0.0	0.0
330792	-0.0	0.0
330801	-0.0	0.0
330807	-0.0	0.0
330815	-0.0	0.0
330823	-0.0	0.0
330839	-0.0	0.0
330847	0.0	0.0
330860	-0.0	0.0
330863	-0.0	0.0
330873	0.0	0.0
330880	-0.0	0.0
330889	0.0	0.0
330895	-0.0	0.0
330903	-0.0	0.0
330911	-0.0	0.0
330919	-0.0	0.0
330927	-0.0	0.0
331337	-0.0	0.0
331345	0.0	0.0
331350	-0.0	0.0
331357	-0.0	0.0
331369	-0.0	0.0
331380	0.0	0.0
331385	0.0	0.0
331401	-0.0	0.0
331405	-0.0	0.0
331419	0.0	0.0
331426	-0.0	0.0
331434	-0.0	0.0
331442	-0.0	0.0
331451	-0.0	0.0
331459	-0.0	0.0
331466	-0.0	0.0
331475	-0.0	0.0
331482	-0.0	0.0
331485	-0.0	0.0
331499	-0.0	0.0
331507	-0.0	0.0
331515	-0.0	0.0
331517	-0.0	0.0
331526	-0.0	0.0
331547	-0.0	0.0
331565	-0.0	0.0
331820	-0.0	0.0
331823	-0.0	0.0
331847	-0.0	0.0
331855	0.0	0.0
331863	-0.0	0.0
331871	0.0	0.0
331879	-0.0	0.0
331887	-0.0	0.0
331900	-0.0	0.0
331903	0.0	0.0
331911	-0.0	0.0
331919	-0.0	0.0
331927	0.0	0.0
331935	-0.0	0.0
331943	-0.0	0.0
331952	0.0	0.0
331959	0.0	0.0
331967	0.0	0.0
331980	-0.0	0.0
331983	-0.0	0.0
331991	-0.0	0.0
331999	-0.0	0.0
332007	-0.0	0.0
332015	-0.0	0.0
332023	-0.0	0.0
332032	-0.0	0.0
332039	-0.0	0.0
332047	-0.0	0.0
332060	0.0	0.0
332063	0.0	0.0
332073	-0.0	0.0
332087	0.0	0.0
332095	0.0	0.0
332103	-0.0	0.0
332112	-0.0	0.0
332119	-0.0	0.0
332127	0.0	0.0
332140	-0.0	0.0
332143	-0.0	0.0
332151	-0.0	0.0
332160	-0.0	0.0
332169	-0.0	0.0
332175	-0.0	0.0
332183	-0.0	0.0
332191	-0.0	0.0
332199	-0.0	0.0
332207	-0.0	0.0
332302	0.0	0.0
332318	0.0	0.0
332327	-0.0	0.0
332335	-0.0	0.0
332341	-0.0	0.0
332359	-0.0	0.0
332365	0.0	0.0
332380	-0.0	0.0
332382	-0.0	0.0
332390	-0.0	0.0
332399	0.0	0.0
332407	0.0	0.0
332413	-0.0	0.0
332428	-0.0	0.0
332430	-0.0	0.0
332439	0.0	0.0
332445	-0.0	0.0
332460	-0.0	0.0
332463	-0.0	0.0
332471	-0.0	0.0
332479	-0.0	0.0
332487	-0.0	0.0
332495	-0.0	0.0
332511	-0.0	0.0
332519	-0.0	0.0
332527	-0.0	0.0
332551	-0.0	0.0
332559	-0.0	0.0
332567	0.0	0.0
332575	0.0	0.0
332583	-0.0	0.0
332599	0.0	0.0
332607	0.0	0.0
332620	0.0	0.0
332623	-0.0	0.0
332631	-0.0	0.0
332639	-0.0	0.0
332647	-0.0	0.0
332655	-0.0	0.0
332663	-0.0	0.0
332671	-0.0	0.0
332679	-0.0	0.0
332687	-0.0	0.0
332700	0.0	0.0
332703	0.0	0.0
332713	-0.0	0.0
332721	0.0	0.0
332727	-0.0	0.0
332735	-0.0	0.0
332743	-0.0	0.0
332752	-0.0	0.0
332759	-0.0	0.0
332767	-0.0	0.0
332780	0.0	0.0
332783	-0.0	0.0
332792	-0.0	0.0
332800	-0.0	0.0
332809	0.0	0.0
332815	-0.0	0.0
332823	-0.0	0.0
332831	-0.0	0.0
332839	-0.0	0.0
332847	-0.0	0.0
332935	0.0	0.0
332941	-0.0	0.0
332949	-0.0	0.0
332957	-0.0	0.0
332967	-0.0	0.0
332973	-0.0	0.0
332983	-0.0	0.0
332991	-0.0	0.0
332999	-0.0	0.0
333006	-0.0	0.0
333020	0.0	0.0
333022	-0.0	0.0
333030	-0.0	0.0
333040	-0.0	0.0
333052	-0.0	0.0
333055	0.0	0.0
333063	-0.0	0.0
333070	-0.0	0.0
333080	-0.0	0.0
333085	-0.0	0.0
333100	0.0	0.0
333103	-0.0	0.0
333119	-0.0	0.0
333135	0.0	0.0
333143	-0.0	0.0
333151	-0.0	0.0
333159	0.0	0.0
333167	-0.0	0.0
333179	-0.0	0.0
333183	0.0	0.0
333191	-0.0	0.0
333199	-0.0	0.0
333215	0.0	0.0
333223	-0.0	0.0
333231	0.0	0.0
333239	-0.0	0.0
333247	0.0	0.0
333260	0.0	0.0
333263	-0.0	0.0
333271	-0.0	0.0
333279	-0.0	0.0
333287	-0.0	0.0
333295	-0.0	0.0
333303	-0.0	0.0
333311	-0.0	0.0
333319	-0.0	0.0
333327	-0.0	0.0
333340	-0.0	0.0
333343	0.0	0.0
333353	-0.0	0.0
333363	-0.0	0.0
333380	0.0	0.0
333386	-0.0	0.0
333395	-0.0	0.0
333404	0.0	0.0
333405	0.0	0.0
333420	0.0	0.0
333423	-0.0	0.0
333431	-0.0	0.0
333441	0.0	0.0
333447	-0.0	0.0
333455	-0.0	0.0
333463	-0.0	0.0
333471	-0.0	0.0
333479	-0.0	0.0
333487	-0.0	0.0
333743	0.0	0.0
333759	-0.0	0.0
333767	-0.0	0.0
333775	0.0	0.0
333783	0.0	0.0
333791	0.0	0.0
333799	0.0	0.0
333807	-0.0	0.0
333820	0.0	0.0
333823	0.0	0.0
333831	-0.0	0.0
333839	-0.0	0.0
333847	-0.0	0.0
333879	0.0	0.0
333887	0.0	0.0
333900	-0.0	0.0
333903	-0.0	0.0
333911	-0.0	0.0
333919	-0.0	0.0
333927	-0.0	0.0
333935	-0.0	0.0
333943	-0.0	0.0
333951	-0.0	0.0
333959	-0.0	0.0
333967	-0.0	0.0
333983	0.0	0.0
333993	0.0	0.0
334000	0.0	0.0
334007	-0.0	0.0
334015	0.0	0.0
334023	-0.0	0.0
334032	0.0	0.0
334039	0.0	0.0
334047	0.0	0.0
334060	0.0	0.0
334063	-0.0	0.0
334072	-0.0	0.0
334079	-0.0	0.0
334089	0.0	0.0
334095	-0.0	0.0
334103	-0.0	0.0
334111	-0.0	0.0
334119	-0.0	0.0
334127	-0.0	0.0
334380	-0.0	0.0
334383	-0.0	0.0
334391	-0.0	0.0
334399	0.0	0.0
334407	0.0	0.0
334415	-0.0	0.0
334431	0.0	0.0
334439	0.0	0.0
334447	-0.0	0.0
334463	0.0	0.0
334471	-0.0	0.0
334479	-0.0	0.0
334487	0.0	0.0
334495	-0.0	0.0
334503	0.0	0.0
334511	0.0	0.0
334519	-0.0	0.0
334527	-0.0	0.0
334540	-0.0	0.0
334543	-0.0	0.0
334551	-0.0	0.0
334559	-0.0	0.0
334567	-0.0	0.0
334575	-0.0	0.0
334583	-0.0	0.0
334591	-0.0	0.0
334599	-0.0	0.0
334607	-0.0	0.0
334620	-0.0	0.0
334623	-0.0	0.0
334633	-0.0	0.0
334641	0.0	0.0
334647	-0.0	0.0
334663	-0.0	0.0
334672	-0.0	0.0
334687	-0.0	0.0
334700	-0.0	0.0
334703	-0.0	0.0
334712	-0.0	0.0
334720	-0.0	0.0
334730	-0.0	0.0
334735	-0.0	0.0
334743	-0.0	0.0
334751	-0.0	0.0
334759	-0.0	0.0
334767	-0.0	0.0
334855	-0.0	0.0
334861	-0.0	0.0
334887	-0.0	0.0
334893	-0.0	0.0
334903	0.0	0.0
334916	-0.0	0.0
334919	-0.0	0.0
334925	-0.0	0.0
334942	-0.0	0.0
334950	-0.0	0.0
334959	0.0	0.0
334975	0.0	0.0
334983	-0.0	0.0
334991	0.0	0.0
334999	0.0	0.0
335005	-0.0	0.0
335020	-0.0	0.0
335023	-0.0	0.0
335039	-0.0	0.0
335047	-0.0	0.0
335055	-0.0	0.0
335071	-0.0	0.0
335079	-0.0	0.0
335087	-0.0	0.0
335099	0.0	0.0
335103	0.0	0.0
335111	-0.0	0.0
335119	-0.0	0.0
335127	0.0	0.0
335135	0.0	0.0
335143	-0.0	0.0
335151	0.0	0.0
335159	0.0	0.0
335167	0.0	0.0
335180	0.0	0.0
335183	-0.0	0.0
335191	-0.0	0.0
335199	-0.0	0.0
335207	-0.0	0.0
335215	-0.0	0.0
335223	-0.0	0.0
335231	-0.0	0.0
335239	-0.0	0.0
335247	-0.0	0.0
335260	-0.0	0.0
335263	-0.0	0.0
335273	0.0	0.0
335280	-0.0	0.0
335287	0.0	0.0
335295	0.0	0.0
335303	-0.0	0.0
335312	0.0	0.0
335319	0.0	0.0
335327	0.0	0.0
335340	-0.0	0.0
335343	-0.0	0.0
335351	-0.0	0.0
335359	-0.0	0.0
335367	-0.0	0.0
335375	-0.0	0.0
335383	-0.0	0.0
335391	-0.0	0.0
335399	-0.0	0.0
335407	-0.0	0.0
335500	-0.0	0.0
335503	0.0	0.0
335518	-0.0	0.0
335527	-0.0	0.0
335535	-0.0	0.0
335543	-0.0	0.0
335551	-0.0	0.0
335559	-0.0	0.0
335567	0.0	0.0
335580	-0.0	0.0
335584	-0.0	0.0
335595	0.0	0.0
335600	-0.0	0.0
335608	-0.0	0.0
335615	0.0	0.0
335631	-0.0	0.0
335639	0.0	0.0
335647	-0.0	0.0
335660	-0.0	0.0
335671	-0.0	0.0
335687	0.0	0.0
335695	0.0	0.0
335711	0.0	0.0
335719	-0.0	0.0
335727	-0.0	0.0
335740	0.0	0.0
335751	-0.0	0.0
335759	-0.0	0.0
335767	0.0	0.0
335775	-0.0	0.0
335791	-0.0	0.0
335799	-0.0	0.0
335820	0.0	0.0
335823	-0.0	0.0
335831	-0.0	0.0
335839	-0.0	0.0
335847	-0.0	0.0
335855	-0.0	0.0
335863	-0.0	0.0
335871	-0.0	0.0
335879	-0.0	0.0
335887	-0.0	0.0
335900	0.0	0.0
335903	-0.0	0.0
335912	-0.0	0.0
335921	-0.0	0.0
335927	-0.0	0.0
335935	0.0	0.0
335943	-0.0	0.0
335952	0.0	0.0
335959	-0.0	0.0
335967	0.0	0.0
335979	-0.0	0.0
335983	-0.0	0.0
335992	-0.0	0.0
336001	0.0	0.0
336010	-0.0	0.0
336015	-0.0	0.0
336023	-0.0	0.0
336031	-0.0	0.0
336039	-0.0	0.0
336047	-0.0	0.0
336135	-0.0	0.0
336141	-0.0	0.0
336149	-0.0	0.0
336158	-0.0	0.0
336167	-0.0	0.0
336175	-0.0	0.0
336181	-0.0	0.0
336192	-0.0	0.0
336199	-0.0	0.0
336206	-0.0	0.0
336222	-0.0	0.0
336230	-0.0	0.0
336247	0.0	0.0
336260	-0.0	0.0
336268	-0.0	0.0
336269	-0.0	0.0
336279	0.0	0.0
336285	-0.0	0.0
336300	-0.0	0.0
336303	0.0	0.0
336311	0.0	0.0
336319	-0.0	0.0
336327	-0.0	0.0
336335	-0.0	0.0
336343	-0.0	0.0
336351	0.0	0.0
336359	0.0	0.0
336367	-0.0	0.0
336380	0.0	0.0
336383	-0.0	0.0
336391	-0.0	0.0
336399	-0.0	0.0
336415	-0.0	0.0
336423	0.0	0.0
336439	0.0	0.0
336463	-0.0	0.0
336471	-0.0	0.0
336479	-0.0	0.0
336487	-0.0	0.0
336495	-0.0	0.0
336503	-0.0	0.0
336511	-0.0	0.0
336519	-0.0	0.0
336527	-0.0	0.0
336540	0.0	0.0
336552	-0.0	0.0
336561	0.0	0.0
336567	-0.0	0.0
336583	-0.0	0.0
336592	-0.0	0.0
336599	0.0	0.0
336607	-0.0	0.0
336620	-0.0	0.0
336623	-0.0	0.0
336632	-0.0	0.0
336639	-0.0	0.0
336648	-0.0	0.0
336655	-0.0	0.0
336663	-0.0	0.0
336671	-0.0	0.0
336679	-0.0	0.0
336687	-0.0	0.0
336940	-0.0	0.0
336943	-0.0	0.0
336952	-0.0	0.0
336957	-0.0	0.0
336965	-0.0	0.0
336980	-0.0	0.0
336983	-0.0	0.0
336991	0.0	0.0
336997	-0.0	0.0
337012	0.0	0.0
337100	0.0	0.0
337103	-0.0	0.0
337111	-0.0	0.0
337119	-0.0	0.0
337127	-0.0	0.0
337135	-0.0	0.0
337143	-0.0	0.0
337152	-0.0	0.0
337159	-0.0	0.0
337167	-0.0	0.0
337179	0.0	0.0
337183	0.0	0.0
337193	-0.0	0.0
337201	-0.0	0.0
337207	0.0	0.0
337215	0.0	0.0
337223	-0.0	0.0
337232	-0.0	0.0
337239	-0.0	0.0
337247	0.0	0.0
337260	-0.0	0.0
337263	-0.0	0.0
337274	-0.0	0.0
337281	0.0	0.0
337287	-0.0	0.0
337295	-0.0	0.0
337303	-0.0	0.0
337311	-0.0	0.0
337319	-0.0	0.0
337327	-0.0	0.0
337420	0.0	0.0
337423	-0.0	0.0
337438	0.0	0.0
337455	-0.0	0.0
337463	-0.0	0.0
337471	-0.0	0.0
337479	-0.0	0.0
337487	0.0	0.0
337504	-0.0	0.0
337511	-0.0	0.0
337523	-0.0	0.0
337528	-0.0	0.0
337535	0.0	0.0
337543	0.0	0.0
337551	0.0	0.0
337559	-0.0	0.0
337567	-0.0	0.0
337580	-0.0	0.0
337583	0.0	0.0
337591	0.0	0.0
337607	0.0	0.0
337615	-0.0	0.0
337623	0.0	0.0
337631	-0.0	0.0
337639	-0.0	0.0
337647	-0.0	0.0
337657	-0.0	0.0
337664	0.0	0.0
337672	-0.0	0.0
337680	-0.0	0.0
337692	0.0	0.0
337697	-0.0	0.0
337705	0.0	0.0
337721	0.0	0.0
337725	0.0	0.0
337740	-0.0	0.0
337743	-0.0	0.0
337751	-0.0	0.0
337759	-0.0	0.0
337767	-0.0	0.0
337775	-0.0	0.0
337783	-0.0	0.0
337791	-0.0	0.0
337799	-0.0	0.0
337807	-0.0	0.0
337820	0.0	0.0
337823	0.0	0.0
337832	-0.0	0.0
337840	-0.0	0.0
337855	-0.0	0.0
337863	-0.0	0.0
337872	-0.0	0.0
337887	0.0	0.0
337900	-0.0	0.0
337903	-0.0	0.0
337911	-0.0	0.0
337922	0.0	0.0
337930	0.0	0.0
337935	-0.0	0.0
337943	-0.0	0.0
337951	-0.0	0.0
337959	-0.0	0.0
337967	-0.0	0.0
338055	0.0	0.0
338061	-0.0	0.0
338069	-0.0	0.0
338087	-0.0	0.0
338095	0.0	0.0
338104	0.0	0.0
338112	-0.0	0.0
338119	-0.0	0.0
338125	-0.0	0.0
338142	-0.0	0.0
338150	-0.0	0.0
338159	-0.0	0.0
338175	-0.0	0.0
338183	-0.0	0.0
338190	-0.0	0.0
338199	0.0	0.0
338205	-0.0	0.0
338215	-0.0	0.0
338231	-0.0	0.0
338244	-0.0	0.0
338245	-0.0	0.0
338255	-0.0	0.0
338263	0.0	0.0
338271	0.0	0.0
338285	-0.0	0.0
338380	0.0	0.0
338383	-0.0	0.0
338391	-0.0	0.0
338399	-0.0	0.0
338407	-0.0	0.0
338415	-0.0	0.0
338423	-0.0	0.0
338432	-0.0	0.0
338439	-0.0	0.0
338447	-0.0	0.0
338460	-0.0	0.0
338463	0.0	0.0
338481	0.0	0.0
338487	0.0	0.0
338495	0.0	0.0
338503	-0.0	0.0
338512	-0.0	0.0
338519	-0.0	0.0
338527	0.0	0.0
338540	0.0	0.0
338543	-0.0	0.0
338554	-0.0	0.0
338561	0.0	0.0
338567	-0.0	0.0
338575	-0.0	0.0
338583	-0.0	0.0
338591	-0.0	0.0
338599	-0.0	0.0
338607	-0.0	0.0
339020	0.0	0.0
339023	-0.0	0.0
339031	-0.0	0.0
339039	-0.0	0.0
339047	-0.0	0.0
339055	-0.0	0.0
339063	-0.0	0.0
339072	-0.0	0.0
339079	-0.0	0.0
339087	-0.0	0.0
339100	-0.0	0.0
339112	-0.0	0.0
339121	-0.0	0.0
339127	-0.0	0.0
339135	0.0	0.0
339143	-0.0	0.0
339152	-0.0	0.0
339159	-0.0	0.0
339167	-0.0	0.0
339180	-0.0	0.0
339183	-0.0	0.0
339194	0.0	0.0
339202	0.0	0.0
339210	0.0	0.0
339215	-0.0	0.0
339223	-0.0	0.0
339231	-0.0	0.0
339239	-0.0	0.0
339247	-0.0	0.0
339660	-0.0	0.0
339663	-0.0	0.0
339671	-0.0	0.0
339679	-0.0	0.0
339687	-0.0	0.0
339695	-0.0	0.0
339703	-0.0	0.0
339712	-0.0	0.0
339719	-0.0	0.0
339727	-0.0	0.0
339740	0.0	0.0
339743	-0.0	0.0
339752	-0.0	0.0
339760	-0.0	0.0
339767	0.0	0.0
339775	-0.0	0.0
339783	-0.0	0.0
339792	0.0	0.0
339799	0.0	0.0
339807	0.0	0.0
339820	0.0	0.0
339823	-0.0	0.0
339833	0.0	0.0
339841	0.0	0.0
339847	-0.0	0.0
339855	-0.0	0.0
339863	-0.0	0.0
339871	-0.0	0.0
339879	-0.0	0.0
339887	-0.0	0.0
340300	0.0	0.0
340303	-0.0	0.0
340311	-0.0	0.0
340319	-0.0	0.0
340327	-0.0	0.0
340335	-0.0	0.0
340343	-0.0	0.0
340352	-0.0	0.0
340359	-0.0	0.0
340367	-0.0	0.0
340380	-0.0	0.0
340383	0.0	0.0
340392	-0.0	0.0
340401	-0.0	0.0
340407	-0.0	0.0
340415	0.0	0.0
340423	-0.0	0.0
340432	-0.0	0.0
340447	0.0	0.0
340460	0.0	0.0
340463	-0.0	0.0
340473	0.0	0.0
340480	-0.0	0.0
340489	-0.0	0.0
340495	-0.0	0.0
340503	-0.0	0.0
340511	-0.0	0.0
340519	-0.0	0.0
340527	-0.0	0.0
340943	-0.0	0.0
340951	-0.0	0.0
340959	-0.0	0.0
340967	-0.0	0.0
340975	-0.0	0.0
340983	-0.0	0.0
340992	-0.0	0.0
340999	-0.0	0.0
341007	-0.0	0.0
341020	0.0	0.0
341023	-0.0	0.0
341041	-0.0	0.0
341047	-0.0	0.0
341055	-0.0	0.0
341063	-0.0	0.0
341079	0.0	0.0
341087	0.0	0.0
341100	-0.0	0.0
341103	-0.0	0.0
341114	0.0	0.0
341120	-0.0	0.0
341127	-0.0	0.0
341135	-0.0	0.0
341143	-0.0	0.0
341151	-0.0	0.0
341159	-0.0	0.0
341167	-0.0	0.0
341423	-0.0	0.0
341447	-0.0	0.0
341455	0.0	0.0
341463	-0.0	0.0
341471	-0.0	0.0
341479	-0.0	0.0
341487	-0.0	0.0
341504	-0.0	0.0
341512	-0.0	0.0
341520	-0.0	0.0
341525	0.0	0.0
341545	0.0	0.0
341553	0.0	0.0
341561	0.0	0.0
341566	-0.0	0.0
341580	-0.0	0.0
341583	-0.0	0.0
341591	-0.0	0.0
341599	-0.0	0.0
341607	-0.0	0.0
341615	-0.0	0.0
341623	-0.0	0.0
341631	-0.0	0.0
341639	-0.0	0.0
341647	-0.0	0.0
341660	0.0	0.0
341663	-0.0	0.0
341673	-0.0	0.0
341681	0.0	0.0
341687	-0.0	0.0
341695	-0.0	0.0
341703	-0.0	0.0
341712	-0.0	0.0
341727	-0.0	0.0
341743	-0.0	0.0
341751	-0.0	0.0
341759	-0.0	0.0
341767	-0.0	0.0
341775	-0.0	0.0
341783	-0.0	0.0
341791	-0.0	0.0
341799	-0.0	0.0
341807	-0.0	0.0
342061	-0.0	0.0
342071	-0.0	0.0
342077	-0.0	0.0
342085	-0.0	0.0
342095	0.0	0.0
342103	-0.0	0.0
342111	-0.0	0.0
342119	0.0	0.0
342125	-0.0	0.0
342137	0.0	0.0
342144	0.0	0.0
342152	-0.0	0.0
342161	0.0	0.0
342168	0.0	0.0
342177	0.0	0.0
342185	-0.0	0.0
342201	-0.0	0.0
342205	-0.0	0.0
342220	0.0	0.0
342223	-0.0	0.0
342231	-0.0	0.0
342239	-0.0	0.0
342247	-0.0	0.0
342255	-0.0	0.0
342263	-0.0	0.0
342271	-0.0	0.0
342279	-0.0	0.0
342287	-0.0	0.0
342300	0.0	0.0
342303	0.0	0.0
342313	-0.0	0.0
342327	-0.0	0.0
342335	-0.0	0.0
342343	-0.0	0.0
342352	-0.0	0.0
342359	0.0	0.0
342367	0.0	0.0
342380	-0.0	0.0
342383	-0.0	0.0
342392	-0.0	0.0
342399	-0.0	0.0
342408	-0.0	0.0
342415	-0.0	0.0
342423	-0.0	0.0
342431	-0.0	0.0
342439	-0.0	0.0
342447	-0.0	0.0
342534	-0.0	0.0
342549	-0.0	0.0
342558	-0.0	0.0
342565	-0.0	0.0
342576	-0.0	0.0
342581	-0.0	0.0
342590	-0.0	0.0
342599	-0.0	0.0
342605	-0.0	0.0
342623	0.0	0.0
342630	-0.0	0.0
342639	-0.0	0.0
342647	0.0	0.0
342655	0.0	0.0
342663	0.0	0.0
342670	-0.0	0.0
342679	0.0	0.0
342685	-0.0	0.0
342700	-0.0	0.0
342701	-0.0	0.0
342711	0.0	0.0
342717	-0.0	0.0
342725	-0.0	0.0
342743	0.0	0.0
342749	-0.0	0.0
342759	0.0	0.0
342765	-0.0	0.0
342860	-0.0	0.0
342863	-0.0	0.0
342871	-0.0	0.0
342879	-0.0	0.0
342887	-0.0	0.0
342895	-0.0	0.0
342903	-0.0	0.0
342912	-0.0	0.0
342919	-0.0	0.0
342927	-0.0	0.0
342940	0.0	0.0
342943	0.0	0.0
342953	-0.0	0.0
342961	0.0	0.0
342967	-0.0	0.0
342975	0.0	0.0
342983	-0.0	0.0
342992	-0.0	0.0
342999	-0.0	0.0
343007	0.0	0.0
343023	-0.0	0.0
343041	0.0	0.0
343048	-0.0	0.0
343055	-0.0	0.0
343063	-0.0	0.0
343071	-0.0	0.0
343079	-0.0	0.0
343087	-0.0	0.0
343180	-0.0	0.0
343190	-0.0	0.0
343198	-0.0	0.0
343207	-0.0	0.0
343215	-0.0	0.0
343221	-0.0	0.0
343230	-0.0	0.0
343244	-0.0	0.0
343245	-0.0	0.0
343255	-0.0	0.0
343262	-0.0	0.0
343270	-0.0	0.0
343279	-0.0	0.0
343287	-0.0	0.0
343295	0.0	0.0
343304	-0.0	0.0
343310	-0.0	0.0
343319	-0.0	0.0
343332	0.0	0.0
343351	0.0	0.0
343359	0.0	0.0
343367	0.0	0.0
343375	0.0	0.0
343383	0.0	0.0
343391	-0.0	0.0
343399	0.0	0.0
343407	-0.0	0.0
343417	-0.0	0.0
343424	0.0	0.0
343432	-0.0	0.0
343440	-0.0	0.0
343449	0.0	0.0
343456	0.0	0.0
343461	-0.0	0.0
343476	0.0	0.0
343484	0.0	0.0
343485	0.0	0.0
343500	0.0	0.0
343503	-0.0	0.0
343511	-0.0	0.0
343519	-0.0	0.0
343527	-0.0	0.0
343535	-0.0	0.0
343543	-0.0	0.0
343551	-0.0	0.0
343559	-0.0	0.0
343567	-0.0	0.0
343580	0.0	0.0
343583	-0.0	0.0
343592	-0.0	0.0
343601	0.0	0.0
343615	0.0	0.0
343623	-0.0	0.0
343632	0.0	0.0
343639	0.0	0.0
343660	-0.0	0.0
343663	-0.0	0.0
343673	0.0	0.0
343682	-0.0	0.0
343689	0.0	0.0
343695	-0.0	0.0
343703	-0.0	0.0
343711	-0.0	0.0
343719	-0.0	0.0
343727	-0.0	0.0
343820	0.0	0.0
343823	-0.0	0.0
343838	0.0	0.0
343848	-0.0	0.0
343855	-0.0	0.0
343863	-0.0	0.0
343871	-0.0	0.0
343879	-0.0	0.0
343887	-0.0	0.0
343900	0.0	0.0
343906	-0.0	0.0
343915	0.0	0.0
343928	-0.0	0.0
343935	0.0	0.0
343943	0.0	0.0
343951	-0.0	0.0
343959	0.0	0.0
343967	-0.0	0.0
343983	0.0	0.0
343999	-0.0	0.0
344007	0.0	0.0
344015	0.0	0.0
344031	0.0	0.0
344039	0.0	0.0
344047	-0.0	0.0
344060	-0.0	0.0
344063	0.0	0.0
344071	-0.0	0.0
344079	-0.0	0.0
344087	0.0	0.0
344095	0.0	0.0
344103	-0.0	0.0
344111	-0.0	0.0
344119	-0.0	0.0
344127	0.0	0.0
344140	0.0	0.0
344143	-0.0	0.0
344151	-0.0	0.0
344159	-0.0	0.0
344167	-0.0	0.0
344175	-0.0	0.0
344183	-0.0	0.0
344191	-0.0	0.0
344199	-0.0	0.0
344207	-0.0	0.0
344220	0.0	0.0
344223	-0.0	0.0
344233	-0.0	0.0
344240	-0.0	0.0
344247	0.0	0.0
344255	-0.0	0.0
344263	-0.0	0.0
344272	0.0	0.0
344279	-0.0	0.0
344287	-0.0	0.0
344300	-0.0	0.0
344303	-0.0	0.0
344313	0.0	0.0
344319	-0.0	0.0
344327	-0.0	0.0
344335	-0.0	0.0
344343	-0.0	0.0
344351	-0.0	0.0
344359	-0.0	0.0
344367	-0.0	0.0
344620	-0.0	0.0
344631	0.0	0.0
344637	-0.0	0.0
344647	-0.0	0.0
344663	0.0	0.0
344671	-0.0	0.0
344685	-0.0	0.0
344779	0.0	0.0
344783	-0.0	0.0
344791	-0.0	0.0
344799	-0.0	0.0
344807	-0.0	0.0
344815	-0.0	0.0
344823	-0.0	0.0
344832	-0.0	0.0
344839	-0.0	0.0
344847	-0.0	0.0
344860	-0.0	0.0
344863	-0.0	0.0
344873	0.0	0.0
344880	0.0	0.0
344887	-0.0	0.0
344895	-0.0	0.0
344903	-0.0	0.0
344912	0.0	0.0
344919	-0.0	0.0
344927	0.0	0.0
344940	-0.0	0.0
344943	-0.0	0.0
344953	0.0	0.0
344959	-0.0	0.0
344969	0.0	0.0
344975	-0.0	0.0
344983	-0.0	0.0
344991	-0.0	0.0
344999	-0.0	0.0
345007	-0.0	0.0
345100	-0.0	0.0
345103	0.0	0.0
345118	-0.0	0.0
345127	-0.0	0.0
345135	-0.0	0.0
345143	-0.0	0.0
345151	-0.0	0.0
345159	-0.0	0.0
345167	0.0	0.0
345179	-0.0	0.0
345187	-0.0	0.0
345191	-0.0	0.0
345200	-0.0	0.0
345207	0.0	0.0
345215	-0.0	0.0
345223	0.0	0.0
345239	0.0	0.0
345247	-0.0	0.0
345260	-0.0	0.0
345263	-0.0	0.0
345271	0.0	0.0
345279	-0.0	0.0
345287	0.0	0.0
345295	-0.0	0.0
345303	0.0	0.0
345311	-0.0	0.0
345319	0.0	0.0
345327	-0.0	0.0
345340	0.0	0.0
345343	-0.0	0.0
345351	-0.0	0.0
345359	-0.0	0.0
345367	0.0	0.0
345375	-0.0	0.0
345383	0.0	0.0
345391	-0.0	0.0
345399	-0.0	0.0
345420	-0.0	0.0
345423	-0.0	0.0
345431	-0.0	0.0
345439	-0.0	0.0
345447	-0.0	0.0
345455	-0.0	0.0
345463	-0.0	0.0
345471	-0.0	0.0
345479	-0.0	0.0
345487	-0.0	0.0
345500	-0.0	0.0
345521	0.0	0.0
345527	0.0	0.0
345535	0.0	0.0
345543	-0.0	0.0
345552	-0.0	0.0
345579	0.0	0.0
345583	-0.0	0.0
345592	-0.0	0.0
345608	-0.0	0.0
345615	-0.0	0.0
345623	-0.0	0.0
345631	-0.0	0.0
345639	-0.0	0.0
345647	-0.0	0.0
345895	-0.0	0.0
345903	0.0	0.0
345911	-0.0	0.0
345919	0.0	0.0
345925	-0.0	0.0
345935	-0.0	0.0
345943	0.0	0.0
345949	-0.0	0.0
345959	-0.0	0.0
345965	-0.0	0.0
346060	-0.0	0.0
346063	-0.0	0.0
346071	-0.0	0.0
346079	-0.0	0.0
346087	-0.0	0.0
346095	-0.0	0.0
346103	-0.0	0.0
346112	-0.0	0.0
346119	-0.0	0.0
346127	-0.0	0.0
346140	0.0	0.0
346143	0.0	0.0
346153	0.0	0.0
346161	-0.0	0.0
346167	-0.0	0.0
346183	-0.0	0.0
346192	0.0	0.0
346199	-0.0	0.0
346207	0.0	0.0
346219	-0.0	0.0
346223	-0.0	0.0
346232	-0.0	0.0
346242	-0.0	0.0
346249	0.0	0.0
346255	-0.0	0.0
346263	-0.0	0.0
346271	-0.0	0.0
346279	-0.0	0.0
346287	-0.0	0.0
346697	0.0	0.0
346708	0.0	0.0
346713	-0.0	0.0
346721	-0.0	0.0
346725	-0.0	0.0
346737	-0.0	0.0
346741	-0.0	0.0
346753	-0.0	0.0
346761	0.0	0.0
346765	-0.0	0.0
346780	-0.0	0.0
346783	-0.0	0.0
346793	-0.0	0.0
346799	-0.0	0.0
346807	-0.0	0.0
346815	-0.0	0.0
346823	-0.0	0.0
346832	-0.0	0.0
346839	-0.0	0.0
346847	0.0	0.0
346860	-0.0	0.0
346867	-0.0	0.0
346875	0.0	0.0
346883	0.0	0.0
346892	-0.0	0.0
346903	-0.0	0.0
346911	-0.0	0.0
346919	-0.0	0.0
346927	-0.0	0.0
347175	0.0	0.0
347183	-0.0	0.0
347191	0.0	0.0
347197	-0.0	0.0
347207	-0.0	0.0
347213	-0.0	0.0
347239	-0.0	0.0
347245	-0.0	0.0
347340	0.0	0.0
347343	-0.0	0.0
347351	-0.0	0.0
347359	-0.0	0.0
347367	-0.0	0.0
347375	-0.0	0.0
347383	-0.0	0.0
347392	-0.0	0.0
347399	-0.0	0.0
347407	-0.0	0.0
347423	0.0	0.0
347433	-0.0	0.0
347441	0.0	0.0
347447	0.0	0.0
347455	0.0	0.0
347463	-0.0	0.0
347472	-0.0	0.0
347479	-0.0	0.0
347499	0.0	0.0
347503	-0.0	0.0
347513	0.0	0.0
347519	-0.0	0.0
347530	-0.0	0.0
347535	-0.0	0.0
347543	-0.0	0.0
347551	-0.0	0.0
347559	-0.0	0.0
347567	-0.0	0.0
347815	-0.0	0.0
347823	-0.0	0.0
347831	-0.0	0.0
347837	-0.0	0.0
347847	-0.0	0.0
347855	-0.0	0.0
347869	-0.0	0.0
347877	-0.0	0.0
347885	-0.0	0.0
347900	0.0	0.0
347904	-0.0	0.0
347912	0.0	0.0
347921	0.0	0.0
347928	-0.0	0.0
347937	0.0	0.0
347948	0.0	0.0
347953	0.0	0.0
347958	-0.0	0.0
347965	0.0	0.0
347977	0.0	0.0
347985	-0.0	0.0
347993	-0.0	0.0
348004	0.0	0.0
348012	0.0	0.0
348017	-0.0	0.0
348025	0.0	0.0
348033	-0.0	0.0
348041	-0.0	0.0
348045	-0.0	0.0
348060	-0.0	0.0
348065	-0.0	0.0
348071	-0.0	0.0
348079	-0.0	0.0
348089	-0.0	0.0
348096	-0.0	0.0
348105	0.0	0.0
348114	-0.0	0.0
348124	0.0	0.0
348132	-0.0	0.0
348139	0.0	0.0
348147	0.0	0.0
348155	0.0	0.0
348164	-0.0	0.0
348171	-0.0	0.0
348179	-0.0	0.0
348183	-0.0	0.0
348191	-0.0	0.0
348199	-0.0	0.0
348207	-0.0	0.0
348463	0.0	0.0
348471	-0.0	0.0
348477	-0.0	0.0
348486	-0.0	0.0
348500	-0.0	0.0
348503	0.0	0.0
348511	-0.0	0.0
348519	-0.0	0.0
348525	-0.0	0.0
348620	0.0	0.0
348623	-0.0	0.0
348631	-0.0	0.0
348639	-0.0	0.0
348647	-0.0	0.0
348655	-0.0	0.0
348663	-0.0	0.0
348672	-0.0	0.0
348679	-0.0	0.0
348687	-0.0	0.0
348700	-0.0	0.0
348713	-0.0	0.0
348721	0.0	0.0
348727	0.0	0.0
348735	-0.0	0.0
348743	-0.0	0.0
348752	-0.0	0.0
348759	0.0	0.0
348767	0.0	0.0
348783	-0.0	0.0
348792	-0.0	0.0
348799	-0.0	0.0
348808	-0.0	0.0
348815	-0.0	0.0
348823	-0.0	0.0
348831	-0.0	0.0
348839	-0.0	0.0
348847	-0.0	0.0
349260	-0.0	0.0
349263	-0.0	0.0
349271	-0.0	0.0
349279	-0.0	0.0
349287	-0.0	0.0
349295	-0.0	0.0
349303	-0.0	0.0
349312	-0.0	0.0
349319	-0.0	0.0
349327	-0.0	0.0
349343	0.0	0.0
349361	0.0	0.0
349367	-0.0	0.0
349375	-0.0	0.0
349383	-0.0	0.0
349392	-0.0	0.0
349399	0.0	0.0
349407	0.0	0.0
349419	-0.0	0.0
349423	-0.0	0.0
349433	0.0	0.0
349442	-0.0	0.0
349449	0.0	0.0
349455	-0.0	0.0
349463	-0.0	0.0
349471	-0.0	0.0
349479	-0.0	0.0
349487	-0.0	0.0
349900	-0.0	0.0
349903	-0.0	0.0
349911	-0.0	0.0
349919	-0.0	0.0
349927	-0.0	0.0
349935	-0.0	0.0
349943	-0.0	0.0
349952	-0.0	0.0
349959	-0.0	0.0
349967	-0.0	0.0
349983	-0.0	0.0
349992	-0.0	0.0
350001	-0.0	0.0
350007	-0.0	0.0
350023	-0.0	0.0
350032	0.0	0.0
350039	-0.0	0.0
350047	0.0	0.0
350060	0.0	0.0
350063	-0.0	0.0
350071	-0.0	0.0
350079	-0.0	0.0
350087	-0.0	0.0
350095	-0.0	0.0
350103	-0.0	0.0
350111	-0.0	0.0
350119	-0.0	0.0
350127	-0.0	0.0
350380	0.0	0.0
350383	0.0	0.0
350391	-0.0	0.0
350399	-0.0	0.0
350415	0.0	0.0
350423	0.0	0.0
350431	-0.0	0.0
350439	-0.0	0.0
350447	-0.0	0.0
350459	-0.0	0.0
350463	0.0	0.0
350471	-0.0	0.0
350479	-0.0	0.0
350487	0.0	0.0
350495	0.0	0.0
350503	-0.0	0.0
350511	0.0	0.0
350519	-0.0	0.0
350539	-0.0	0.0
350543	-0.0	0.0
350551	-0.0	0.0
350559	-0.0	0.0
350567	-0.0	0.0
350575	-0.0	0.0
350583	-0.0	0.0
350591	-0.0	0.0
350599	-0.0	0.0
350607	-0.0	0.0
350619	-0.0	0.0
350641	0.0	0.0
350655	0.0	0.0
350663	-0.0	0.0
350679	0.0	0.0
350687	-0.0	0.0
350703	-0.0	0.0
350714	-0.0	0.0
350722	0.0	0.0
350729	-0.0	0.0
350735	-0.0	0.0
350743	-0.0	0.0
350751	-0.0	0.0
350759	-0.0	0.0
350767	-0.0	0.0
351180	0.0	0.0
351183	-0.0	0.0
351191	-0.0	0.0
351199	-0.0	0.0
351207	-0.0	0.0
351215	-0.0	0.0
351223	-0.0	0.0
351232	-0.0	0.0
351239	-0.0	0.0
351247	-0.0	0.0
351260	0.0	0.0
351263	0.0	0.0
351272	-0.0	0.0
351280	-0.0	0.0
351295	-0.0	0.0
351304	-0.0	0.0
351312	-0.0	0.0
351340	-0.0	0.0
351343	-0.0	0.0
351351	-0.0	0.0
351361	-0.0	0.0
351370	-0.0	0.0
351375	-0.0	0.0
351383	-0.0	0.0
351391	-0.0	0.0
351399	-0.0	0.0
351407	-0.0	0.0
351655	0.0	0.0
351663	0.0	0.0
351671	-0.0	0.0
351677	-0.0	0.0
351687	-0.0	0.0
351693	-0.0	0.0
351703	0.0	0.0
351711	0.0	0.0
351725	-0.0	0.0
351820	-0.0	0.0
351823	-0.0	0.0
351831	-0.0	0.0
351839	-0.0	0.0
351847	-0.0	0.0
351855	-0.0	0.0
351863	-0.0	0.0
351872	-0.0	0.0
351879	-0.0	0.0
351887	-0.0	0.0
351903	0.0	0.0
351912	0.0	0.0
351920	-0.0	0.0
351927	0.0	0.0
351935	0.0	0.0
351943	-0.0	0.0
351952	0.0	0.0
351967	0.0	0.0
351980	0.0	0.0
351983	-0.0	0.0
351991	-0.0	0.0
352002	0.0	0.0
352010	0.0	0.0
352015	-0.0	0.0
352023	-0.0	0.0
352031	-0.0	0.0
352039	-0.0	0.0
352047	-0.0	0.0
352140	0.0	0.0
352142	-0.0	0.0
352149	-0.0	0.0
352165	-0.0	0.0
352175	0.0	0.0
352183	-0.0	0.0
352191	-0.0	0.0
352200	-0.0	0.0
352205	-0.0	0.0
352222	-0.0	0.0
352230	-0.0	0.0
352238	-0.0	0.0
352247	-0.0	0.0
352255	0.0	0.0
352263	-0.0	0.0
352271	0.0	0.0
352280	-0.0	0.0
352285	-0.0	0.0
352300	0.0	0.0
352303	-0.0	0.0
352311	-0.0	0.0
352327	0.0	0.0
352335	-0.0	0.0
352343	0.0	0.0
352351	-0.0	0.0
352359	-0.0	0.0
352367	-0.0	0.0
352383	-0.0	0.0
352392	-0.0	0.0
352400	-0.0	0.0
352425	-0.0	0.0
352436	-0.0	0.0
352441	0.0	0.0
352445	-0.0	0.0
352459	0.0	0.0
352463	-0.0	0.0
352471	-0.0	0.0
352479	-0.0	0.0
352487	-0.0	0.0
352495	-0.0	0.0
352503	-0.0	0.0
352511	-0.0	0.0
352519	-0.0	0.0
352527	-0.0	0.0
352540	0.0	0.0
352543	0.0	0.0
352553	0.0	0.0
352560	-0.0	0.0
352575	0.0	0.0
352583	-0.0	0.0
352592	-0.0	0.0
352599	-0.0	0.0
352607	-0.0	0.0
352620	0.0	0.0
352623	-0.0	0.0
352633	0.0	0.0
352640	-0.0	0.0
352647	-0.0	0.0
352655	-0.0	0.0
352663	-0.0	0.0
352671	-0.0	0.0
352679	-0.0	0.0
352687	-0.0	0.0
352940	-0.0	0.0
352943	0.0	0.0
352951	-0.0	0.0
352959	-0.0	0.0
352967	-0.0	0.0
352975	-0.0	0.0
352983	0.0	0.0
352991	-0.0	0.0
352999	-0.0	0.0
353007	-0.0	0.0
353020	-0.0	0.0
353023	0.0	0.0
353031	-0.0	0.0
353039	-0.0	0.0
353047	0.0	0.0
353055	-0.0	0.0
353063	0.0	0.0
353079	0.0	0.0
353087	0.0	0.0
353100	0.0	0.0
353103	-0.0	0.0
353111	-0.0	0.0
353119	-0.0	0.0
353127	-0.0	0.0
353135	-0.0	0.0
353143	-0.0	0.0
353151	-0.0	0.0
353159	-0.0	0.0
353167	-0.0	0.0
353180	-0.0	0.0
353183	-0.0	0.0
353200	0.0	0.0
353207	-0.0	0.0
353215	0.0	0.0
353223	-0.0	0.0
353232	-0.0	0.0
353247	0.0	0.0
353263	-0.0	0.0
353280	-0.0	0.0
353289	0.0	0.0
353295	-0.0	0.0
353303	-0.0	0.0
353311	-0.0	0.0
353319	-0.0	0.0
353327	-0.0	0.0
353420	-0.0	0.0
353430	0.0	0.0
353448	-0.0	0.0
353455	-0.0	0.0
353463	-0.0	0.0
353471	-0.0	0.0
353479	-0.0	0.0
353495	-0.0	0.0
353502	-0.0	0.0
353510	-0.0	0.0
353519	-0.0	0.0
353531	-0.0	0.0
353543	-0.0	0.0
353551	-0.0	0.0
353559	-0.0	0.0
353567	-0.0	0.0
353580	-0.0	0.0
353583	0.0	0.0
353599	0.0	0.0
353607	-0.0	0.0
353615	-0.0	0.0
353623	0.0	0.0
353631	-0.0	0.0
353639	-0.0	0.0
353647	-0.0	0.0
353659	0.0	0.0
353663	0.0	0.0
353671	-0.0	0.0
353679	-0.0	0.0
353687	0.0	0.0
353695	0.0	0.0
353703	-0.0	0.0
353711	0.0	0.0
353719	-0.0	0.0
353727	0.0	0.0
353743	-0.0	0.0
353751	-0.0	0.0
353759	-0.0	0.0
353767	-0.0	0.0
353775	-0.0	0.0
353783	-0.0	0.0
353791	-0.0	0.0
353799	-0.0	0.0
353807	-0.0	0.0
353820	0.0	0.0
353823	-0.0	0.0
353833	0.0	0.0
353841	-0.0	0.0
353847	0.0	0.0
353855	0.0	0.0
353863	-0.0	0.0
353872	-0.0	0.0
353887	0.0	0.0
353900	-0.0	0.0
353903	-0.0	0.0
353913	-0.0	0.0
353919	-0.0	0.0
353929	-0.0	0.0
353935	-0.0	0.0
353943	-0.0	0.0
353951	-0.0	0.0
353959	-0.0	0.0
353967	-0.0	0.0