Index	Slack	Dual
3	-2.85901443796E9	-0.0
4	500000.0	-0.0
5	500000.0	-0.0
6	500000.0	-0.0
7	-2.86901443796E9	-0.0
699106	0.0	0.0
699330	0.0	0.0
700305	0.0	0.0
705906	0.0	0.0
705907	0.0	0.0
716505	0.0	0.0
718697	0.0	0.0
718699	-0.0	0.0
718708	-0.0	0.0
718718	-0.0	0.0
718728	-0.0	0.0
718735	-0.0	0.0
718741	0.0	0.0
718747	0.0	0.0
718757	-0.0	0.0
718770	-0.0	0.0
718772	-0.0	0.0
718780	-0.0	0.0
718794	-0.0	0.0
718796	-0.0	0.0
718807	-0.0	0.0
718812	-0.0	0.0
718819	-0.0	0.0
718828	-0.0	0.0
718838	-0.0	0.0
718843	-0.0	0.0
718854	-0.0	0.0
718862	-0.0	0.0
718871	-0.0	0.0
718881	-0.0	0.0
720430	0.0	0.0
720442	-0.0	0.0
720444	-0.0	0.0
720452	-0.0	0.0
720461	-0.0	0.0
720474	-0.0	0.0
720478	-0.0	0.0
721884	0.0	0.0
721897	0.0	0.0
721905	-0.0	0.0
721909	-0.0	0.0
721921	-0.0	0.0
721925	-0.0	0.0
721935	0.0	0.0
721944	-0.0	0.0
721950	-0.0	0.0
721961	-0.0	0.0
721966	-0.0	0.0
721975	-0.0	0.0
721985	-0.0	0.0
721989	-0.0	0.0
722000	0.0	0.0
722005	-0.0	0.0
722018	-0.0	0.0
722024	0.0	0.0
722033	-0.0	0.0
722042	-0.0	0.0
722048	-0.0	0.0
722052	-0.0	0.0
722063	-0.0	0.0
722068	0.0	0.0
722077	-0.0	0.0
723486	0.0	0.0
723493	-0.0	0.0
723502	-0.0	0.0
723509	-0.0	0.0
723518	-0.0	0.0
723524	-0.0	0.0
723533	-0.0	0.0
723541	-0.0	0.0
723548	-0.0	0.0
723561	-0.0	0.0
723567	-0.0	0.0
723574	-0.0	0.0
723581	-0.0	0.0
723592	-0.0	0.0
723597	-0.0	0.0
723603	-0.0	0.0
723614	-0.0	0.0
723621	-0.0	0.0
723630	-0.0	0.0
723637	-0.0	0.0
723645	-0.0	0.0
723652	-0.0	0.0
723661	-0.0	0.0
723674	-0.0	0.0
723678	-0.0	0.0
725191	0.0	0.0
725201	0.0	0.0
725209	-0.0	0.0
725217	-0.0	0.0
725225	0.0	0.0
725228	-0.0	0.0
725237	-0.0	0.0
725247	-0.0	0.0
725257	0.0	0.0
725262	-0.0	0.0
725274	-0.0	0.0
725276	-0.0	0.0
726878	0.0	0.0
728286	0.0	0.0
728291	-0.0	0.0
728305	-0.0	0.0
728307	0.0	0.0
728317	-0.0	0.0
728324	0.0	0.0
728335	-0.0	0.0
728344	-0.0	0.0
728351	-0.0	0.0
728357	-0.0	0.0
728368	0.0	0.0
728375	-0.0	0.0
728385	-0.0	0.0
728394	-0.0	0.0
728401	-0.0	0.0
728404	-0.0	0.0
728417	-0.0	0.0
728419	-0.0	0.0
728428	-0.0	0.0
728437	-0.0	0.0
728444	-0.0	0.0
728452	-0.0	0.0
728461	-0.0	0.0
728469	-0.0	0.0
728479	-0.0	0.0
729886	0.0	0.0
729897	0.0	0.0
729900	-0.0	0.0
729914	0.0	0.0
729916	0.0	0.0
729925	0.0	0.0
729934	-0.0	0.0
729944	-0.0	0.0
729948	-0.0	0.0
729961	-0.0	0.0
729969	-0.0	0.0
729976	-0.0	0.0
729980	-0.0	0.0
729989	-0.0	0.0
729996	-0.0	0.0
730009	-0.0	0.0
730013	-0.0	0.0
730022	-0.0	0.0
730038	-0.0	0.0
730044	-0.0	0.0
730053	-0.0	0.0
730062	-0.0	0.0
730067	-0.0	0.0
730075	-0.0	0.0
731634	-0.0	0.0
731637	0.0	0.0
731646	-0.0	0.0
731654	-0.0	0.0
731661	-0.0	0.0
731672	0.0	0.0
731680	-0.0	0.0
733260	-0.0	0.0
733274	-0.0	0.0
733278	-0.0	0.0
734689	0.0	0.0
734697	-0.0	0.0
734703	-0.0	0.0
734708	-0.0	0.0
734716	-0.0	0.0
734727	-0.0	0.0
734738	-0.0	0.0
734740	-0.0	0.0
734754	-0.0	0.0
734760	-0.0	0.0
734769	-0.0	0.0
734773	-0.0	0.0
734784	0.0	0.0
734792	0.0	0.0
734801	-0.0	0.0
734807	-0.0	0.0
734815	-0.0	0.0
734821	-0.0	0.0
734833	-0.0	0.0
734835	-0.0	0.0
734850	-0.0	0.0
734853	-0.0	0.0
734868	-0.0	0.0
734877	-0.0	0.0
736290	-0.0	0.0
736297	-0.0	0.0
736299	-0.0	0.0
736307	-0.0	0.0
736318	-0.0	0.0
736325	-0.0	0.0
736334	-0.0	0.0
736341	-0.0	0.0
736349	0.0	0.0
736361	0.0	0.0
736367	-0.0	0.0
736376	0.0	0.0
736383	-0.0	0.0
736391	-0.0	0.0
736398	-0.0	0.0
736406	-0.0	0.0
736414	-0.0	0.0
736423	-0.0	0.0
736430	-0.0	0.0
736436	-0.0	0.0
736445	-0.0	0.0
736455	-0.0	0.0
736460	-0.0	0.0
736467	-0.0	0.0
736481	-0.0	0.0
737890	0.0	0.0
737891	-0.0	0.0
737906	-0.0	0.0
737910	-0.0	0.0
737919	-0.0	0.0
737928	-0.0	0.0
737938	0.0	0.0
737954	-0.0	0.0
737956	-0.0	0.0
737964	0.0	0.0
737978	-0.0	0.0
737984	-0.0	0.0
737987	-0.0	0.0
737999	-0.0	0.0
738010	-0.0	0.0
738018	-0.0	0.0
738021	-0.0	0.0
738032	-0.0	0.0
738036	0.0	0.0
738045	-0.0	0.0
738052	-0.0	0.0
738065	0.0	0.0
738073	0.0	0.0
738081	0.0	0.0
739666	-0.0	0.0
739668	0.0	0.0
739677	-0.0	0.0
741083	0.0	0.0
741097	0.0	0.0
741101	-0.0	0.0
741114	-0.0	0.0
741116	-0.0	0.0
741124	-0.0	0.0
741135	-0.0	0.0
741146	-0.0	0.0
741151	-0.0	0.0
741161	-0.0	0.0
741165	-0.0	0.0
741173	-0.0	0.0
741182	-0.0	0.0
741192	0.0	0.0
741199	-0.0	0.0
741206	-0.0	0.0
741211	-0.0	0.0
741225	0.0	0.0
741231	-0.0	0.0
741237	-0.0	0.0
741243	-0.0	0.0
741251	0.0	0.0
741262	-0.0	0.0
741272	0.0	0.0
741277	-0.0	0.0
742685	-0.0	0.0
742697	-0.0	0.0
742704	-0.0	0.0
742708	-0.0	0.0
742715	0.0	0.0
742726	-0.0	0.0
742732	-0.0	0.0
742742	-0.0	0.0
742751	-0.0	0.0
742759	-0.0	0.0
742764	0.0	0.0
742771	0.0	0.0
742784	-0.0	0.0
742790	-0.0	0.0
742800	-0.0	0.0
742807	-0.0	0.0
742815	-0.0	0.0
742832	-0.0	0.0
742839	-0.0	0.0
742844	-0.0	0.0
742854	-0.0	0.0
742859	0.0	0.0
742869	-0.0	0.0
742877	-0.0	0.0
744457	0.0	0.0
744461	-0.0	0.0
744470	-0.0	0.0
744480	-0.0	0.0
745883	-0.0	0.0
745898	-0.0	0.0
745905	-0.0	0.0
745913	-0.0	0.0
745917	-0.0	0.0
745924	0.0	0.0
745931	0.0	0.0
745943	-0.0	0.0
745951	-0.0	0.0
745955	-0.0	0.0
745967	-0.0	0.0
745976	0.0	0.0
745985	-0.0	0.0
745993	-0.0	0.0
746002	-0.0	0.0
746010	-0.0	0.0
746014	-0.0	0.0
746021	-0.0	0.0
746029	-0.0	0.0
746040	0.0	0.0
746047	-0.0	0.0
746054	-0.0	0.0
746061	-0.0	0.0
746074	-0.0	0.0
746079	-0.0	0.0
747637	-0.0	0.0
747649	0.0	0.0
747652	-0.0	0.0
747663	-0.0	0.0
747669	-0.0	0.0
747677	-0.0	0.0
747828	0.0	0.0
749252	0.0	0.0
749264	-0.0	0.0
749274	-0.0	0.0
749276	-0.0	0.0
750686	0.0	0.0
750691	-0.0	0.0
750702	-0.0	0.0
750710	-0.0	0.0
750729	-0.0	0.0
750737	-0.0	0.0
750743	-0.0	0.0
750751	-0.0	0.0
750757	-0.0	0.0
750769	-0.0	0.0
750774	-0.0	0.0
750779	-0.0	0.0
750791	-0.0	0.0
750797	-0.0	0.0
750803	0.0	0.0
750814	-0.0	0.0
750825	0.0	0.0
750832	0.0	0.0
750840	0.0	0.0
750849	0.0	0.0
750855	-0.0	0.0
750862	-0.0	0.0
750878	-0.0	0.0
752463	0.0	0.0
752471	-0.0	0.0
752482	-0.0	0.0
753889	-0.0	0.0
753899	-0.0	0.0
753910	-0.0	0.0
753916	-0.0	0.0
753924	-0.0	0.0
753934	-0.0	0.0
753942	-0.0	0.0
753954	-0.0	0.0
753957	-0.0	0.0
753966	-0.0	0.0
753971	0.0	0.0
753985	-0.0	0.0
753988	-0.0	0.0
753997	-0.0	0.0
754003	-0.0	0.0
754011	0.0	0.0
754019	-0.0	0.0
754033	0.0	0.0
754035	-0.0	0.0
754048	0.0	0.0
754057	0.0	0.0
754062	-0.0	0.0
754068	-0.0	0.0
754081	-0.0	0.0
755597	0.0	0.0
755607	0.0	0.0
755614	-0.0	0.0
755630	-0.0	0.0
755641	0.0	0.0
755648	-0.0	0.0
755656	-0.0	0.0
755666	-0.0	0.0
755667	-0.0	0.0
755679	0.0	0.0
757222	-0.0	0.0
757233	-0.0	0.0
757241	-0.0	0.0
757243	-0.0	0.0
757252	-0.0	0.0
757266	-0.0	0.0
757274	-0.0	0.0
757277	-0.0	0.0
758881	0.0	0.0
760458	0.0	0.0
760461	-0.0	0.0
760476	-0.0	0.0
762005	0.0	0.0
762011	-0.0	0.0
762026	-0.0	0.0
762030	-0.0	0.0
762035	-0.0	0.0
762047	-0.0	0.0
762053	-0.0	0.0
762060	-0.0	0.0
762071	-0.0	0.0
762079	0.0	0.0
763671	0.0	0.0
763678	-0.0	0.0
765215	0.0	0.0
765219	-0.0	0.0
765232	-0.0	0.0
765236	-0.0	0.0
765243	-0.0	0.0
765258	-0.0	0.0
765259	-0.0	0.0
765270	-0.0	0.0
765277	-0.0	0.0
766869	0.0	0.0
766877	0.0	0.0
768467	-0.0	0.0
768482	0.0	0.0
770058	-0.0	0.0
770061	0.0	0.0
770070	-0.0	0.0
770078	-0.0	0.0
771679	0.0	0.0
773188	0.0	0.0
773201	0.0	0.0
773209	-0.0	0.0
773213	-0.0	0.0
773224	-0.0	0.0
773233	-0.0	0.0
773235	-0.0	0.0
773247	-0.0	0.0
773255	-0.0	0.0
773260	-0.0	0.0
773272	-0.0	0.0
773279	-0.0	0.0
774869	0.0	0.0
774870	-0.0	0.0
774874	0.0	0.0
774881	0.0	0.0
776468	0.0	0.0
776478	-0.0	0.0
778069	0.0	0.0
778076	0.0	0.0
779490	0.0	0.0
779494	-0.0	0.0
779506	0.0	0.0
779510	-0.0	0.0
779530	0.0	0.0
779532	-0.0	0.0
779543	0.0	0.0
779547	-0.0	0.0
779560	0.0	0.0
779568	-0.0	0.0
779573	-0.0	0.0
779581	-0.0	0.0
779590	-0.0	0.0
779601	-0.0	0.0
779603	0.0	0.0
779617	-0.0	0.0
779625	0.0	0.0
779633	0.0	0.0
779638	-0.0	0.0
779645	-0.0	0.0
779652	-0.0	0.0
779663	-0.0	0.0
779668	0.0	0.0
779681	0.0	0.0
781086	0.0	0.0
781091	0.0	0.0
781100	-0.0	0.0
781112	-0.0	0.0
781117	-0.0	0.0
781127	-0.0	0.0
781136	-0.0	0.0
781142	-0.0	0.0
781147	-0.0	0.0
781155	-0.0	0.0
781166	-0.0	0.0
781173	-0.0	0.0
781186	-0.0	0.0
781190	-0.0	0.0
781196	-0.0	0.0
781210	-0.0	0.0
781215	-0.0	0.0
781223	-0.0	0.0
781231	-0.0	0.0
781237	-0.0	0.0
781246	-0.0	0.0
781257	-0.0	0.0
781265	0.0	0.0
781268	0.0	0.0
781277	-0.0	0.0
782865	0.0	0.0
782868	-0.0	0.0
782876	-0.0	0.0
784285	0.0	0.0
784296	-0.0	0.0
784302	-0.0	0.0
784310	-0.0	0.0
784316	-0.0	0.0
784323	-0.0	0.0
784334	-0.0	0.0
784340	-0.0	0.0
784350	-0.0	0.0
784359	-0.0	0.0
784367	-0.0	0.0
784375	-0.0	0.0
784379	-0.0	0.0
784390	-0.0	0.0
784396	0.0	0.0
784408	0.0	0.0
784417	-0.0	0.0
784419	-0.0	0.0
784429	-0.0	0.0
784435	-0.0	0.0
784449	0.0	0.0
784453	-0.0	0.0
784462	-0.0	0.0
784468	0.0	0.0
784476	-0.0	0.0
785887	-0.0	0.0
785892	-0.0	0.0
785899	0.0	0.0
785907	-0.0	0.0
785916	-0.0	0.0
785929	0.0	0.0
785935	0.0	0.0
785940	0.0	0.0
785951	-0.0	0.0
785962	-0.0	0.0
785963	-0.0	0.0
785975	-0.0	0.0
785982	-0.0	0.0
785991	-0.0	0.0
785997	-0.0	0.0
786008	-0.0	0.0
786013	-0.0	0.0
786019	-0.0	0.0
786028	-0.0	0.0
786041	0.0	0.0
786043	-0.0	0.0
786054	-0.0	0.0
786064	0.0	0.0
786070	-0.0	0.0
786081	0.0	0.0
787483	-0.0	0.0
787496	0.0	0.0
787505	-0.0	0.0
787509	-0.0	0.0
787518	-0.0	0.0
787530	-0.0	0.0
787532	-0.0	0.0
787539	-0.0	0.0
787550	-0.0	0.0
787555	-0.0	0.0
787568	-0.0	0.0
787576	0.0	0.0
787585	-0.0	0.0
787591	-0.0	0.0
787599	-0.0	0.0
787603	-0.0	0.0
787614	-0.0	0.0
787620	-0.0	0.0
787630	-0.0	0.0
787635	-0.0	0.0
787645	-0.0	0.0
787652	-0.0	0.0
787661	-0.0	0.0
787672	-0.0	0.0
787681	0.0	0.0
789260	0.0	0.0
789268	0.0	0.0
789276	-0.0	0.0
790683	-0.0	0.0
790691	0.0	0.0
790701	-0.0	0.0
790709	-0.0	0.0
790717	-0.0	0.0
790727	-0.0	0.0
790738	0.0	0.0
790742	-0.0	0.0
790750	-0.0	0.0
790762	-0.0	0.0
790770	-0.0	0.0
790774	-0.0	0.0
790785	-0.0	0.0
790787	-0.0	0.0
790799	-0.0	0.0
790803	-0.0	0.0
790818	-0.0	0.0
790821	-0.0	0.0
790827	0.0	0.0
790836	0.0	0.0
790846	-0.0	0.0
790853	-0.0	0.0
790861	-0.0	0.0
790868	0.0	0.0
790875	-0.0	0.0
792283	0.0	0.0
792291	-0.0	0.0
792302	-0.0	0.0
792307	0.0	0.0
792317	-0.0	0.0
792326	-0.0	0.0
792333	0.0	0.0
792343	-0.0	0.0
792352	0.0	0.0
792355	0.0	0.0
792368	0.0	0.0
792371	0.0	0.0
792381	-0.0	0.0
792387	-0.0	0.0
792400	-0.0	0.0
792405	-0.0	0.0
792412	-0.0	0.0
792419	-0.0	0.0
792429	-0.0	0.0
792439	-0.0	0.0
792447	-0.0	0.0
792454	-0.0	0.0
792459	-0.0	0.0
792473	-0.0	0.0
792478	-0.0	0.0
793889	-0.0	0.0
793894	0.0	0.0
793905	-0.0	0.0
793910	-0.0	0.0
793921	-0.0	0.0
793930	-0.0	0.0
793938	-0.0	0.0
793940	-0.0	0.0
793952	-0.0	0.0
793960	0.0	0.0
793970	-0.0	0.0
793977	-0.0	0.0
793985	-0.0	0.0
793991	-0.0	0.0
793997	-0.0	0.0
794007	-0.0	0.0
794011	0.0	0.0
794025	-0.0	0.0
794030	-0.0	0.0
794042	-0.0	0.0
794050	-0.0	0.0
794053	-0.0	0.0
794061	-0.0	0.0
794074	-0.0	0.0
794076	-0.0	0.0
795494	-0.0	0.0
795503	-0.0	0.0
795511	-0.0	0.0
795517	0.0	0.0
795528	0.0	0.0
795532	-0.0	0.0
795541	0.0	0.0
795553	-0.0	0.0
795557	-0.0	0.0
795565	-0.0	0.0
795578	-0.0	0.0
795582	-0.0	0.0
795591	-0.0	0.0
795601	0.0	0.0
795607	-0.0	0.0
795613	-0.0	0.0
795625	-0.0	0.0
795628	-0.0	0.0
795639	-0.0	0.0
795645	-0.0	0.0
795657	-0.0	0.0
795665	0.0	0.0
795670	-0.0	0.0
795678	-0.0	0.0
797086	-0.0	0.0
797094	-0.0	0.0
797100	-0.0	0.0
797108	-0.0	0.0
797119	-0.0	0.0
797129	-0.0	0.0
797134	-0.0	0.0
797141	-0.0	0.0
797151	-0.0	0.0
797165	-0.0	0.0
797174	-0.0	0.0
797182	-0.0	0.0
797190	-0.0	0.0
797197	-0.0	0.0
797210	-0.0	0.0
797217	0.0	0.0
797223	-0.0	0.0
797231	-0.0	0.0
797242	-0.0	0.0
797247	-0.0	0.0
797253	-0.0	0.0
797260	0.0	0.0
797274	-0.0	0.0
797282	-0.0	0.0
798687	0.0	0.0
798693	-0.0	0.0
798700	-0.0	0.0
798708	-0.0	0.0
798717	-0.0	0.0
798727	0.0	0.0
798731	0.0	0.0
798741	-0.0	0.0
798747	-0.0	0.0
798757	-0.0	0.0
798769	-0.0	0.0
798773	-0.0	0.0
798783	-0.0	0.0
798788	0.0	0.0
798801	-0.0	0.0
798809	-0.0	0.0
798817	-0.0	0.0
798821	-0.0	0.0
798833	0.0	0.0
798837	-0.0	0.0
798856	-0.0	0.0
798862	-0.0	0.0
798872	0.0	0.0
798877	-0.0	0.0
800289	0.0	0.0
800302	-0.0	0.0
800308	-0.0	0.0
800319	-0.0	0.0
800326	-0.0	0.0
800332	-0.0	0.0
800341	-0.0	0.0
800349	-0.0	0.0
800362	-0.0	0.0
800363	0.0	0.0
800377	-0.0	0.0
800381	-0.0	0.0
800388	-0.0	0.0
800395	-0.0	0.0
800409	-0.0	0.0
800411	-0.0	0.0
800422	-0.0	0.0
800432	-0.0	0.0
800437	-0.0	0.0
800447	-0.0	0.0
800457	0.0	0.0
800459	0.0	0.0
800469	-0.0	0.0
800482	0.0	0.0
801888	-0.0	0.0
801892	-0.0	0.0
801902	-0.0	0.0
801911	0.0	0.0
801917	-0.0	0.0
801926	-0.0	0.0
801937	-0.0	0.0
801942	-0.0	0.0
801953	-0.0	0.0
801961	-0.0	0.0
801969	-0.0	0.0
801974	-0.0	0.0
801984	0.0	0.0
801987	-0.0	0.0
801999	-0.0	0.0
802010	-0.0	0.0
802013	-0.0	0.0
802020	-0.0	0.0
802028	0.0	0.0
802040	-0.0	0.0
802048	-0.0	0.0
802054	-0.0	0.0
802061	-0.0	0.0
802073	0.0	0.0
802080	0.0	0.0
803484	0.0	0.0
803494	-0.0	0.0
803502	-0.0	0.0
803508	-0.0	0.0
803517	-0.0	0.0
803527	0.0	0.0
803532	-0.0	0.0
803541	-0.0	0.0
803549	0.0	0.0
803560	-0.0	0.0
803568	-0.0	0.0
803572	-0.0	0.0
803584	-0.0	0.0
803590	-0.0	0.0
803599	-0.0	0.0
803607	-0.0	0.0
803612	-0.0	0.0
803625	0.0	0.0
803630	-0.0	0.0
803640	-0.0	0.0
803650	-0.0	0.0
803657	-0.0	0.0
803662	-0.0	0.0
803673	0.0	0.0
803677	-0.0	0.0
805086	0.0	0.0
805092	-0.0	0.0
805103	-0.0	0.0
805109	-0.0	0.0
805116	-0.0	0.0
805128	-0.0	0.0
805133	-0.0	0.0
805142	-0.0	0.0
805154	-0.0	0.0
805161	-0.0	0.0
805167	-0.0	0.0
805171	0.0	0.0
805185	-0.0	0.0
805194	-0.0	0.0
805199	-0.0	0.0
805209	-0.0	0.0
805213	-0.0	0.0
805225	-0.0	0.0
805229	-0.0	0.0
805236	0.0	0.0
805248	-0.0	0.0
805254	-0.0	0.0
805262	-0.0	0.0
805270	-0.0	0.0
805275	-0.0	0.0
806860	0.0	0.0
806870	-0.0	0.0
806878	-0.0	0.0
808468	0.0	0.0
808478	0.0	0.0
809885	0.0	0.0
809898	-0.0	0.0
809899	0.0	0.0
809907	-0.0	0.0
809917	-0.0	0.0
809928	-0.0	0.0
809934	-0.0	0.0
809945	-0.0	0.0
809951	-0.0	0.0
809958	-0.0	0.0
809966	-0.0	0.0
809971	0.0	0.0
809986	-0.0	0.0
809993	-0.0	0.0
810001	-0.0	0.0
810009	-0.0	0.0
810011	-0.0	0.0
810019	0.0	0.0
810028	0.0	0.0
810038	-0.0	0.0
810044	-0.0	0.0
810051	0.0	0.0
810063	-0.0	0.0
810077	-0.0	0.0
811484	0.0	0.0
811496	-0.0	0.0
811501	-0.0	0.0
811513	-0.0	0.0
811516	-0.0	0.0
811529	-0.0	0.0
811532	-0.0	0.0
811546	0.0	0.0
811550	-0.0	0.0
811558	-0.0	0.0
811565	-0.0	0.0
811575	-0.0	0.0
811581	-0.0	0.0
811593	-0.0	0.0
811598	-0.0	0.0
811603	-0.0	0.0
811617	0.0	0.0
811625	0.0	0.0
811627	-0.0	0.0
811641	-0.0	0.0
811649	-0.0	0.0
811657	0.0	0.0
811663	-0.0	0.0
811670	-0.0	0.0
811677	-0.0	0.0
816287	0.0	0.0
816295	0.0	0.0
816304	-0.0	0.0
816311	-0.0	0.0
816316	0.0	0.0
816328	-0.0	0.0
816331	0.0	0.0
816345	0.0	0.0
816352	-0.0	0.0
816357	-0.0	0.0
816370	-0.0	0.0
816378	-0.0	0.0
816385	-0.0	0.0
816394	-0.0	0.0
816401	-0.0	0.0
816409	-0.0	0.0
816416	0.0	0.0
816419	-0.0	0.0
816428	-0.0	0.0
816442	-0.0	0.0
816449	0.0	0.0
816452	0.0	0.0
816466	-0.0	0.0
816469	-0.0	0.0
816478	-0.0	0.0
817887	-0.0	0.0
817891	-0.0	0.0
817903	-0.0	0.0
817911	-0.0	0.0
817915	-0.0	0.0
817929	-0.0	0.0
817938	-0.0	0.0
817945	0.0	0.0
817948	-0.0	0.0
817955	-0.0	0.0
817966	-0.0	0.0
817975	-0.0	0.0
817980	0.0	0.0
817994	-0.0	0.0
817998	-0.0	0.0
818008	-0.0	0.0
818012	-0.0	0.0
818022	-0.0	0.0
818032	0.0	0.0
818040	-0.0	0.0
818047	-0.0	0.0
818057	0.0	0.0
818062	-0.0	0.0
818070	-0.0	0.0
818076	-0.0	0.0
819667	0.0	0.0
819669	0.0	0.0
819670	0.0	0.0
819672	0.0	0.0
819673	-0.0	0.0
819674	0.0	0.0
819678	0.0	0.0
819679	0.0	0.0
819682	-0.0	0.0
821274	-0.0	0.0
821276	0.0	0.0
822690	-0.0	0.0
822698	0.0	0.0
822699	-0.0	0.0
822713	-0.0	0.0
822716	-0.0	0.0
822726	-0.0	0.0
822731	-0.0	0.0
822743	-0.0	0.0
822749	-0.0	0.0
822758	-0.0	0.0
822770	-0.0	0.0
822772	0.0	0.0
822785	-0.0	0.0
822792	0.0	0.0
822800	0.0	0.0
822806	-0.0	0.0
822816	-0.0	0.0
822829	-0.0	0.0
822837	-0.0	0.0
822847	-0.0	0.0
822851	0.0	0.0
822860	-0.0	0.0
822867	-0.0	0.0
822880	0.0	0.0
824284	0.0	0.0
824295	-0.0	0.0
824302	-0.0	0.0
824309	-0.0	0.0
824319	-0.0	0.0
824327	-0.0	0.0
824334	-0.0	0.0
824340	-0.0	0.0
824352	-0.0	0.0
824359	-0.0	0.0
824367	-0.0	0.0
824373	-0.0	0.0
824382	-0.0	0.0
824390	-0.0	0.0
824409	-0.0	0.0
824417	0.0	0.0
824422	-0.0	0.0
824429	-0.0	0.0
824438	-0.0	0.0
824445	-0.0	0.0
824452	-0.0	0.0
824462	-0.0	0.0
824467	-0.0	0.0
826067	0.0	0.0
826081	0.0	0.0
827670	-0.0	0.0
827681	0.0	0.0
829264	-0.0	0.0
829265	0.0	0.0
829271	-0.0	0.0
829277	0.0	0.0
830865	0.0	0.0
830869	-0.0	0.0
830880	-0.0	0.0
831052	-0.0	0.0
832459	0.0	0.0
832468	0.0	0.0
832478	-0.0	0.0
834053	0.0	0.0
834065	-0.0	0.0
834074	-0.0	0.0
834082	-0.0	0.0
835660	0.0	0.0
835672	0.0	0.0
835677	-0.0	0.0
837258	-0.0	0.0
837259	0.0	0.0
837267	-0.0	0.0
837281	0.0	0.0
838871	0.0	0.0
838882	0.0	0.0
840468	0.0	0.0
840479	0.0	0.0
842066	-0.0	0.0
842073	0.0	0.0
842076	-0.0	0.0
843485	0.0	0.0
843492	-0.0	0.0
843505	-0.0	0.0
843514	-0.0	0.0
843521	-0.0	0.0
843527	0.0	0.0
843537	0.0	0.0
843540	0.0	0.0
843551	-0.0	0.0
843562	-0.0	0.0
843565	-0.0	0.0
843572	-0.0	0.0
843585	-0.0	0.0
843593	-0.0	0.0
843599	-0.0	0.0
843603	-0.0	0.0
843616	-0.0	0.0
843619	-0.0	0.0
843629	-0.0	0.0
843636	-0.0	0.0
843646	-0.0	0.0
843655	-0.0	0.0
843663	-0.0	0.0
843670	-0.0	0.0
843680	-0.0	0.0
845088	0.0	0.0
845095	-0.0	0.0
845104	-0.0	0.0
845110	-0.0	0.0
845115	-0.0	0.0
845125	0.0	0.0
845132	-0.0	0.0
845139	0.0	0.0
845150	-0.0	0.0
845157	-0.0	0.0
845170	0.0	0.0
845173	-0.0	0.0
845185	-0.0	0.0
845192	0.0	0.0
845201	-0.0	0.0
845204	-0.0	0.0
845214	-0.0	0.0
845226	-0.0	0.0
845230	-0.0	0.0
845239	-0.0	0.0
845243	-0.0	0.0
845255	-0.0	0.0
845264	-0.0	0.0
845270	-0.0	0.0
845277	-0.0	0.0
846865	-0.0	0.0
846867	-0.0	0.0
846875	-0.0	0.0
848283	0.0	0.0
848298	0.0	0.0
848302	-0.0	0.0
848307	-0.0	0.0
848319	-0.0	0.0
848328	-0.0	0.0
848333	0.0	0.0
848341	-0.0	0.0
848351	-0.0	0.0
848361	0.0	0.0
848365	-0.0	0.0
848371	0.0	0.0
848380	0.0	0.0
848390	-0.0	0.0
848400	-0.0	0.0
848410	-0.0	0.0
848412	-0.0	0.0
848420	-0.0	0.0
848432	-0.0	0.0
848436	0.0	0.0
848444	-0.0	0.0
848451	-0.0	0.0
848462	-0.0	0.0
848467	-0.0	0.0
848478	-0.0	0.0
849887	-0.0	0.0
849896	-0.0	0.0
849903	-0.0	0.0
849908	-0.0	0.0
849921	-0.0	0.0
849923	-0.0	0.0
849936	-0.0	0.0
849945	-0.0	0.0
849951	-0.0	0.0
849955	-0.0	0.0
849963	0.0	0.0
849977	-0.0	0.0
849982	-0.0	0.0
849991	-0.0	0.0
849996	0.0	0.0
850004	0.0	0.0
850016	-0.0	0.0
850025	-0.0	0.0
850030	-0.0	0.0
850038	-0.0	0.0
850047	-0.0	0.0
850057	-0.0	0.0
850062	-0.0	0.0
850073	0.0	0.0
850078	-0.0	0.0
851670	0.0	0.0
851678	0.0	0.0
853262	0.0	0.0
853270	-0.0	0.0
853277	-0.0	0.0
854861	0.0	0.0
854873	0.0	0.0
854880	0.0	0.0
856283	-0.0	0.0
856293	-0.0	0.0
856302	-0.0	0.0
856307	-0.0	0.0
856316	-0.0	0.0
856325	-0.0	0.0
856333	-0.0	0.0
856346	-0.0	0.0
856348	-0.0	0.0
856359	-0.0	0.0
856365	-0.0	0.0
856375	-0.0	0.0
856381	-0.0	0.0
856391	-0.0	0.0
856401	-0.0	0.0
856410	-0.0	0.0
856413	-0.0	0.0
856421	-0.0	0.0
856431	-0.0	0.0
856437	-0.0	0.0
856445	-0.0	0.0
856457	0.0	0.0
856463	-0.0	0.0
856469	-0.0	0.0
856481	0.0	0.0
858070	0.0	0.0
858081	0.0	0.0
859659	-0.0	0.0
859673	0.0	0.0
859681	-0.0	0.0
861083	0.0	0.0
861093	-0.0	0.0
861105	-0.0	0.0
861110	-0.0	0.0
861119	-0.0	0.0
861129	-0.0	0.0
861133	-0.0	0.0
861144	-0.0	0.0
861150	-0.0	0.0
861159	-0.0	0.0
861170	-0.0	0.0
861174	-0.0	0.0
861185	-0.0	0.0
861189	-0.0	0.0
861195	-0.0	0.0
861207	-0.0	0.0
861211	-0.0	0.0
861221	-0.0	0.0
861233	-0.0	0.0
861235	-0.0	0.0
861244	-0.0	0.0
861252	0.0	0.0
861265	-0.0	0.0
861273	0.0	0.0
861281	-0.0	0.0
862684	-0.0	0.0
862697	-0.0	0.0
862700	0.0	0.0
862710	-0.0	0.0
862718	-0.0	0.0
862726	-0.0	0.0
862733	-0.0	0.0
862744	-0.0	0.0
862750	0.0	0.0
862756	0.0	0.0
862769	-0.0	0.0
862772	0.0	0.0
862783	-0.0	0.0
862789	-0.0	0.0
862799	-0.0	0.0
862809	-0.0	0.0
862812	-0.0	0.0
862822	-0.0	0.0
862841	-0.0	0.0
862846	-0.0	0.0
862857	-0.0	0.0
862863	-0.0	0.0
862871	-0.0	0.0
862878	-0.0	0.0
864463	0.0	0.0
864467	-0.0	0.0
864475	-0.0	0.0
866070	0.0	0.0
866082	0.0	0.0
867486	-0.0	0.0
867492	-0.0	0.0
867500	-0.0	0.0
867510	-0.0	0.0
867516	-0.0	0.0
867527	-0.0	0.0
867535	-0.0	0.0
867540	-0.0	0.0
867547	-0.0	0.0
867555	-0.0	0.0
867570	-0.0	0.0
867574	-0.0	0.0
867581	-0.0	0.0
867588	0.0	0.0
867602	-0.0	0.0
867610	-0.0	0.0
867612	-0.0	0.0
867626	-0.0	0.0
867630	-0.0	0.0
867636	-0.0	0.0
867657	-0.0	0.0
867661	-0.0	0.0
867674	-0.0	0.0
867675	-0.0	0.0
869089	0.0	0.0
869098	-0.0	0.0
869104	-0.0	0.0
869107	-0.0	0.0
869116	0.0	0.0
869128	0.0	0.0
869133	0.0	0.0
869143	-0.0	0.0
869150	-0.0	0.0
869157	-0.0	0.0
869169	-0.0	0.0
869174	-0.0	0.0
869185	-0.0	0.0
869191	-0.0	0.0
869202	-0.0	0.0
869207	-0.0	0.0
869216	0.0	0.0
869219	-0.0	0.0
869232	-0.0	0.0
869239	-0.0	0.0
869249	-0.0	0.0
869252	-0.0	0.0
869261	-0.0	0.0
869270	-0.0	0.0
869279	0.0	0.0
870689	0.0	0.0
870692	-0.0	0.0
870705	-0.0	0.0
870713	-0.0	0.0
870715	-0.0	0.0
870723	-0.0	0.0
870733	-0.0	0.0
870744	-0.0	0.0
870748	-0.0	0.0
870761	-0.0	0.0
870767	-0.0	0.0
870775	-0.0	0.0
870780	-0.0	0.0
870793	-0.0	0.0
870801	-0.0	0.0
870809	-0.0	0.0
870811	-0.0	0.0
870833	-0.0	0.0
870840	-0.0	0.0
870848	0.0	0.0
870855	-0.0	0.0
870866	-0.0	0.0
870875	-0.0	0.0
872467	-0.0	0.0
872479	0.0	0.0
873885	0.0	0.0
873897	-0.0	0.0
873905	0.0	0.0
873910	-0.0	0.0
873916	-0.0	0.0
873924	-0.0	0.0
873931	-0.0	0.0
873940	-0.0	0.0
873948	-0.0	0.0
873959	-0.0	0.0
873965	-0.0	0.0
873971	-0.0	0.0
873985	-0.0	0.0
873988	0.0	0.0
873998	-0.0	0.0
874009	-0.0	0.0
874016	-0.0	0.0
874023	-0.0	0.0
874034	-0.0	0.0
874041	-0.0	0.0
874047	-0.0	0.0
874058	-0.0	0.0
874060	-0.0	0.0
874074	-0.0	0.0
874077	-0.0	0.0
875484	0.0	0.0
875494	-0.0	0.0
875502	-0.0	0.0
875514	-0.0	0.0
875519	-0.0	0.0
875526	-0.0	0.0
875535	-0.0	0.0
875541	-0.0	0.0
875553	-0.0	0.0
875558	-0.0	0.0
875566	-0.0	0.0
875577	-0.0	0.0
875582	-0.0	0.0
875588	0.0	0.0
875596	-0.0	0.0
875604	0.0	0.0
875617	-0.0	0.0
875626	-0.0	0.0
875629	-0.0	0.0
875636	-0.0	0.0
875643	-0.0	0.0
875658	-0.0	0.0
875660	-0.0	0.0
875671	-0.0	0.0
875676	-0.0	0.0
877261	0.0	0.0
877271	-0.0	0.0
877281	0.0	0.0
878855	0.0	0.0
878860	-0.0	0.0
878867	-0.0	0.0
878876	-0.0	0.0
880404	0.0	0.0
880413	-0.0	0.0
880433	-0.0	0.0
880439	-0.0	0.0
880446	-0.0	0.0
880455	-0.0	0.0
880469	-0.0	0.0
880475	-0.0	0.0
882070	-0.0	0.0
883663	0.0	0.0
883673	-0.0	0.0
883675	-0.0	0.0
885255	0.0	0.0
885259	0.0	0.0
885270	-0.0	0.0
885279	0.0	0.0
886688	-0.0	0.0
886693	-0.0	0.0
886703	-0.0	0.0
886711	-0.0	0.0
886716	-0.0	0.0
886728	-0.0	0.0
886745	-0.0	0.0
886754	-0.0	0.0
886759	-0.0	0.0
886769	-0.0	0.0
886774	-0.0	0.0
886781	-0.0	0.0
886789	-0.0	0.0
886799	-0.0	0.0
886807	-0.0	0.0
886817	0.0	0.0
886819	-0.0	0.0
886832	-0.0	0.0
886837	-0.0	0.0
886844	-0.0	0.0
886854	-0.0	0.0
886860	-0.0	0.0
886870	-0.0	0.0
886877	-0.0	0.0
888287	0.0	0.0
888294	-0.0	0.0
888305	-0.0	0.0
888307	-0.0	0.0
888316	-0.0	0.0
888326	-0.0	0.0
888335	-0.0	0.0
888339	-0.0	0.0
888349	-0.0	0.0
888359	-0.0	0.0
888376	0.0	0.0
888379	0.0	0.0
888391	-0.0	0.0
888397	-0.0	0.0
888409	-0.0	0.0
888414	-0.0	0.0
888430	-0.0	0.0
888441	0.0	0.0
888448	-0.0	0.0
888452	-0.0	0.0
888461	-0.0	0.0
888469	-0.0	0.0
888479	0.0	0.0
889884	-0.0	0.0
889898	0.0	0.0
889900	-0.0	0.0
889911	-0.0	0.0
889916	-0.0	0.0
889926	-0.0	0.0
889934	-0.0	0.0
889941	-0.0	0.0
889953	-0.0	0.0
889959	-0.0	0.0
889970	-0.0	0.0
889974	-0.0	0.0
889980	0.0	0.0
889990	-0.0	0.0
890002	-0.0	0.0
890009	-0.0	0.0
890016	0.0	0.0
890021	-0.0	0.0
890034	-0.0	0.0
890046	-0.0	0.0
890053	-0.0	0.0
890065	0.0	0.0
890073	0.0	0.0
890076	-0.0	0.0
891662	0.0	0.0
891667	-0.0	0.0
891681	0.0	0.0
893086	-0.0	0.0
893091	-0.0	0.0
893102	0.0	0.0
893113	0.0	0.0
893118	-0.0	0.0
893130	-0.0	0.0
893135	-0.0	0.0
893141	-0.0	0.0
893154	-0.0	0.0
893159	-0.0	0.0
893169	-0.0	0.0
893175	-0.0	0.0
893183	-0.0	0.0
893191	-0.0	0.0
893201	-0.0	0.0
893209	-0.0	0.0
893218	-0.0	0.0
893220	-0.0	0.0
893230	-0.0	0.0
893238	-0.0	0.0
893243	-0.0	0.0
893252	-0.0	0.0
893266	-0.0	0.0
893267	-0.0	0.0
893277	-0.0	0.0
894858	-0.0	0.0
894864	0.0	0.0
894872	0.0	0.0
894876	-0.0	0.0
896470	-0.0	0.0
896477	-0.0	0.0
898071	0.0	0.0
898078	-0.0	0.0
899665	0.0	0.0
899673	0.0	0.0
899678	-0.0	0.0
901279	0.0	0.0
902855	-0.0	0.0
902862	0.0	0.0
902872	0.0	0.0
902881	-0.0	0.0
904443	-0.0	0.0
904455	-0.0	0.0
904462	-0.0	0.0
904468	0.0	0.0
904480	0.0	0.0
906014	0.0	0.0
906021	-0.0	0.0
906033	0.0	0.0
906039	-0.0	0.0
906047	-0.0	0.0
906053	-0.0	0.0
906061	-0.0	0.0
906069	-0.0	0.0
906081	0.0	0.0
907673	0.0	0.0
907677	-0.0	0.0
909242	-0.0	0.0
909250	-0.0	0.0
909257	-0.0	0.0
909259	-0.0	0.0
909267	-0.0	0.0
909277	-0.0	0.0
910685	-0.0	0.0
910691	-0.0	0.0
910705	-0.0	0.0
910708	-0.0	0.0
910715	-0.0	0.0
910724	-0.0	0.0
910733	-0.0	0.0
910745	-0.0	0.0
910750	-0.0	0.0
910756	0.0	0.0
910766	-0.0	0.0
910778	-0.0	0.0
910780	0.0	0.0
910790	-0.0	0.0
910799	-0.0	0.0
910808	0.0	0.0
910812	0.0	0.0
910822	-0.0	0.0
910828	0.0	0.0
910836	-0.0	0.0
910849	0.0	0.0
910855	-0.0	0.0
910865	0.0	0.0
910869	-0.0	0.0
910881	0.0	0.0
912453	-0.0	0.0
912460	-0.0	0.0
912467	-0.0	0.0
912478	-0.0	0.0
913887	-0.0	0.0
913896	-0.0	0.0
913900	-0.0	0.0
913908	-0.0	0.0
913915	-0.0	0.0
913923	0.0	0.0
913933	-0.0	0.0
913941	-0.0	0.0
913950	-0.0	0.0
913962	-0.0	0.0
913964	-0.0	0.0
913972	0.0	0.0
913984	0.0	0.0
913992	-0.0	0.0
913998	-0.0	0.0
914006	-0.0	0.0
914018	-0.0	0.0
914023	-0.0	0.0
914028	-0.0	0.0
914039	-0.0	0.0
914046	-0.0	0.0
914053	-0.0	0.0
914060	-0.0	0.0
914073	0.0	0.0
914081	0.0	0.0